0,(0, 1),0,02120112100002120
1,(0, 1),1,22022022022022022
2,(1, 0),0,01210221200001210
3,(1, 0),1,22120221022022120
0,(0, 1, 2, 3),0,02120112100002120
1,(0, 1, 2, 3),1,22022022022022022
2,(0, 1, 2, 3),2,02120112100002120
3,(0, 1, 2, 3),3,22022022022022022
4,(0, 1, 3, 2),0,02120112100002120
5,(0, 1, 3, 2),1,22022022022022022
6,(0, 1, 3, 2),2,01210221200001210
7,(0, 1, 3, 2),3,22120221022022120
8,(0, 2, 1, 3),0,02012210002211022
9,(0, 2, 1, 3),1,22202202022222020
10,(0, 2, 1, 3),2,20002102102102102
11,(0, 2, 1, 3),3,21222122012021222
12,(0, 2, 3, 1),0,00012011102221120
13,(0, 2, 3, 1),1,22202202022222020
14,(0, 2, 3, 1),2,10001201201201201
15,(0, 2, 3, 1),3,21222122012021222
16,(0, 3, 1, 2),0,02122221020010011
17,(0, 3, 1, 2),1,22111202022120202
18,(0, 3, 1, 2),2,21122020011210021
19,(0, 3, 1, 2),3,20220220220220220
20,(0, 3, 2, 1),0,02211010022120012
21,(0, 3, 2, 1),1,22120221022120221
22,(0, 3, 2, 1),2,12211010022120012
23,(0, 3, 2, 1),3,21202210221202210
24,(1, 0, 2, 3),0,01210221200001210
25,(1, 0, 2, 3),1,22120221022022120
26,(1, 0, 2, 3),2,02120112100002120
27,(1, 0, 2, 3),3,22022022022022022
28,(1, 0, 3, 2),0,01210221200001210
29,(1, 0, 3, 2),1,22120221022022120
30,(1, 0, 3, 2),2,01210221200001210
31,(1, 0, 3, 2),3,22120221022022120
32,(1, 2, 0, 3),0,02020010111222020
33,(1, 2, 0, 3),1,22020122012222020
34,(1, 2, 0, 3),2,02100022121112100
35,(1, 2, 0, 3),3,21120022122121222
36,(1, 2, 3, 0),0,02120001121222120
37,(1, 2, 3, 0),1,22122220102222021
38,(1, 2, 3, 0),2,01200011212221200
39,(1, 2, 3, 0),3,21222020102222021
40,(1, 3, 0, 2),0,00112101110120112
41,(1, 3, 0, 2),1,21022121012121022
42,(1, 3, 0, 2),2,02210022201112210
43,(1, 3, 0, 2),3,22102202122220212
44,(1, 3, 2, 0),0,00120120120120120
45,(1, 3, 2, 0),1,21022122012021222
46,(1, 3, 2, 0),2,01120011102221120
47,(1, 3, 2, 0),3,22022020222220202
48,(2, 0, 1, 3),0,01021120001122011
49,(2, 0, 1, 3),1,22210220212222021
50,(2, 0, 1, 3),2,20100022202102212
51,(2, 0, 1, 3),3,21120120012021120
52,(2, 0, 3, 1),0,00021022201112210
53,(2, 0, 3, 1),1,22210220212222021
54,(2, 0, 3, 1),2,10200011101201121
55,(2, 0, 3, 1),3,21120120012021120
56,(2, 1, 0, 3),0,01010020222111010
57,(2, 1, 0, 3),1,22220120002022020
58,(2, 1, 0, 3),2,00100202221110100
59,(2, 1, 0, 3),3,20122122202022020
60,(2, 1, 3, 0),0,01210002212111210
61,(2, 1, 3, 0),1,22222122122121222
62,(2, 1, 3, 0),2,00200101112220200
63,(2, 1, 3, 0),3,20122122012222020
64,(2, 3, 0, 1),0,02002020202001101
65,(2, 3, 0, 1),1,22210102210211010
66,(2, 3, 0, 1),2,11010102020011010
67,(2, 3, 0, 1),3,22101022102110101
68,(2, 3, 1, 0),0,00022100020022000
69,(2, 3, 1, 0),1,22202011101122202
70,(2, 3, 1, 0),2,22020201010022020
71,(2, 3, 1, 0),3,20111020122220111
72,(3, 0, 1, 2),0,01211112010020022
73,(3, 0, 1, 2),1,22021202121120210
74,(3, 0, 1, 2),2,21211112010020022
75,(3, 0, 1, 2),3,20212021211202102
76,(3, 0, 2, 1),0,01122020011210021
77,(3, 0, 2, 1),1,22022022022022022
78,(3, 0, 2, 1),2,12122221020010011
79,(3, 0, 2, 1),3,21112020221202022
80,(3, 1, 0, 2),0,00221202220210221
81,(3, 1, 0, 2),1,21022121012121022
82,(3, 1, 0, 2),2,02011120001122011
83,(3, 1, 0, 2),3,22102202122220212
84,(3, 1, 2, 0),0,00210210210210210
85,(3, 1, 2, 0),1,21022122012021222
86,(3, 1, 2, 0),2,01022210002211022
87,(3, 1, 2, 0),3,22022020222220202
88,(3, 2, 0, 1),0,01001010101002202
89,(3, 2, 0, 1),1,22011102012222011
90,(3, 2, 0, 1),2,10221000200220002
91,(3, 2, 0, 1),3,22020111011222020
92,(3, 2, 1, 0),0,00011200010011000
93,(3, 2, 1, 0),1,22122210101002122
94,(3, 2, 1, 0),2,20112000100110001
95,(3, 2, 1, 0),3,21222101010021222
0,(0, 1, 2, 3, 4, 5),0,02120112100002120
1,(0, 1, 2, 3, 4, 5),1,22022022022022022
2,(0, 1, 2, 3, 4, 5),2,02120112100002120
3,(0, 1, 2, 3, 4, 5),3,22022022022022022
4,(0, 1, 2, 3, 4, 5),4,02120112100002120
5,(0, 1, 2, 3, 4, 5),5,22022022022022022
6,(0, 1, 2, 3, 5, 4),0,02120112100002120
7,(0, 1, 2, 3, 5, 4),1,22022022022022022
8,(0, 1, 2, 3, 5, 4),2,02120112100002120
9,(0, 1, 2, 3, 5, 4),3,22022022022022022
10,(0, 1, 2, 3, 5, 4),4,01210221200001210
11,(0, 1, 2, 3, 5, 4),5,22120221022022120
12,(0, 1, 2, 4, 3, 5),0,02120112100002120
13,(0, 1, 2, 4, 3, 5),1,22022022022022022
14,(0, 1, 2, 4, 3, 5),2,02012210002211022
15,(0, 1, 2, 4, 3, 5),3,22202202022222020
16,(0, 1, 2, 4, 3, 5),4,20002102102102102
17,(0, 1, 2, 4, 3, 5),5,21222122012021222
18,(0, 1, 2, 4, 5, 3),0,02120112100002120
19,(0, 1, 2, 4, 5, 3),1,22022022022022022
20,(0, 1, 2, 4, 5, 3),2,00012011102221120
21,(0, 1, 2, 4, 5, 3),3,22202202022222020
22,(0, 1, 2, 4, 5, 3),4,10001201201201201
23,(0, 1, 2, 4, 5, 3),5,21222122012021222
24,(0, 1, 2, 5, 3, 4),0,02120112100002120
25,(0, 1, 2, 5, 3, 4),1,22022022022022022
26,(0, 1, 2, 5, 3, 4),2,02122221020010011
27,(0, 1, 2, 5, 3, 4),3,22111202022120202
28,(0, 1, 2, 5, 3, 4),4,21122020011210021
29,(0, 1, 2, 5, 3, 4),5,20220220220220220
30,(0, 1, 2, 5, 4, 3),0,02120112100002120
31,(0, 1, 2, 5, 4, 3),1,22022022022022022
32,(0, 1, 2, 5, 4, 3),2,02211010022120012
33,(0, 1, 2, 5, 4, 3),3,22120221022120221
34,(0, 1, 2, 5, 4, 3),4,12211010022120012
35,(0, 1, 2, 5, 4, 3),5,21202210221202210
36,(0, 1, 3, 2, 4, 5),0,02120112100002120
37,(0, 1, 3, 2, 4, 5),1,22022022022022022
38,(0, 1, 3, 2, 4, 5),2,01210221200001210
39,(0, 1, 3, 2, 4, 5),3,22120221022022120
40,(0, 1, 3, 2, 4, 5),4,02120112100002120
41,(0, 1, 3, 2, 4, 5),5,22022022022022022
42,(0, 1, 3, 2, 5, 4),0,02120112100002120
43,(0, 1, 3, 2, 5, 4),1,22022022022022022
44,(0, 1, 3, 2, 5, 4),2,01210221200001210
45,(0, 1, 3, 2, 5, 4),3,22120221022022120
46,(0, 1, 3, 2, 5, 4),4,01210221200001210
47,(0, 1, 3, 2, 5, 4),5,22120221022022120
48,(0, 1, 3, 4, 2, 5),0,02120112100002120
49,(0, 1, 3, 4, 2, 5),1,22022022022022022
50,(0, 1, 3, 4, 2, 5),2,02020010111222020
51,(0, 1, 3, 4, 2, 5),3,22020122012222020
52,(0, 1, 3, 4, 2, 5),4,02100022121112100
53,(0, 1, 3, 4, 2, 5),5,21120022122121222
54,(0, 1, 3, 4, 5, 2),0,02120112100002120
55,(0, 1, 3, 4, 5, 2),1,22022022022022022
56,(0, 1, 3, 4, 5, 2),2,02120001121222120
57,(0, 1, 3, 4, 5, 2),3,22122220102222021
58,(0, 1, 3, 4, 5, 2),4,01200011212221200
59,(0, 1, 3, 4, 5, 2),5,21222020102222021
60,(0, 1, 3, 5, 2, 4),0,02120112100002120
61,(0, 1, 3, 5, 2, 4),1,22022022022022022
62,(0, 1, 3, 5, 2, 4),2,00112101110120112
63,(0, 1, 3, 5, 2, 4),3,21022121012121022
64,(0, 1, 3, 5, 2, 4),4,02210022201112210
65,(0, 1, 3, 5, 2, 4),5,22102202122220212
66,(0, 1, 3, 5, 4, 2),0,02120112100002120
67,(0, 1, 3, 5, 4, 2),1,22022022022022022
68,(0, 1, 3, 5, 4, 2),2,00120120120120120
69,(0, 1, 3, 5, 4, 2),3,21022122012021222
70,(0, 1, 3, 5, 4, 2),4,01120011102221120
71,(0, 1, 3, 5, 4, 2),5,22022020222220202
72,(0, 1, 4, 2, 3, 5),0,02120112100002120
73,(0, 1, 4, 2, 3, 5),1,22022022022022022
74,(0, 1, 4, 2, 3, 5),2,01021120001122011
75,(0, 1, 4, 2, 3, 5),3,22210220212222021
76,(0, 1, 4, 2, 3, 5),4,20100022202102212
77,(0, 1, 4, 2, 3, 5),5,21120120012021120
78,(0, 1, 4, 2, 5, 3),0,02120112100002120
79,(0, 1, 4, 2, 5, 3),1,22022022022022022
80,(0, 1, 4, 2, 5, 3),2,00021022201112210
81,(0, 1, 4, 2, 5, 3),3,22210220212222021
82,(0, 1, 4, 2, 5, 3),4,10200011101201121
83,(0, 1, 4, 2, 5, 3),5,21120120012021120
84,(0, 1, 4, 3, 2, 5),0,02120112100002120
85,(0, 1, 4, 3, 2, 5),1,22022022022022022
86,(0, 1, 4, 3, 2, 5),2,01010020222111010
87,(0, 1, 4, 3, 2, 5),3,22220120002022020
88,(0, 1, 4, 3, 2, 5),4,00100202221110100
89,(0, 1, 4, 3, 2, 5),5,20122122202022020
90,(0, 1, 4, 3, 5, 2),0,02120112100002120
91,(0, 1, 4, 3, 5, 2),1,22022022022022022
92,(0, 1, 4, 3, 5, 2),2,01210002212111210
93,(0, 1, 4, 3, 5, 2),3,22222122122121222
94,(0, 1, 4, 3, 5, 2),4,00200101112220200
95,(0, 1, 4, 3, 5, 2),5,20122122012222020
96,(0, 1, 4, 5, 2, 3),0,02120112100002120
97,(0, 1, 4, 5, 2, 3),1,22022022022022022
98,(0, 1, 4, 5, 2, 3),2,02002020202001101
99,(0, 1, 4, 5, 2, 3),3,22210102210211010
100,(0, 1, 4, 5, 2, 3),4,11010102020011010
101,(0, 1, 4, 5, 2, 3),5,22101022102110101
102,(0, 1, 4, 5, 3, 2),0,02120112100002120
103,(0, 1, 4, 5, 3, 2),1,22022022022022022
104,(0, 1, 4, 5, 3, 2),2,00022100020022000
105,(0, 1, 4, 5, 3, 2),3,22202011101122202
106,(0, 1, 4, 5, 3, 2),4,22020201010022020
107,(0, 1, 4, 5, 3, 2),5,20111020122220111
108,(0, 1, 5, 2, 3, 4),0,02120112100002120
109,(0, 1, 5, 2, 3, 4),1,22022022022022022
110,(0, 1, 5, 2, 3, 4),2,01211112010020022
111,(0, 1, 5, 2, 3, 4),3,22021202121120210
112,(0, 1, 5, 2, 3, 4),4,21211112010020022
113,(0, 1, 5, 2, 3, 4),5,20212021211202102
114,(0, 1, 5, 2, 4, 3),0,02120112100002120
115,(0, 1, 5, 2, 4, 3),1,22022022022022022
116,(0, 1, 5, 2, 4, 3),2,01122020011210021
117,(0, 1, 5, 2, 4, 3),3,22022022022022022
118,(0, 1, 5, 2, 4, 3),4,12122221020010011
119,(0, 1, 5, 2, 4, 3),5,21112020221202022
120,(0, 1, 5, 3, 2, 4),0,02120112100002120
121,(0, 1, 5, 3, 2, 4),1,22022022022022022
122,(0, 1, 5, 3, 2, 4),2,00221202220210221
123,(0, 1, 5, 3, 2, 4),3,21022121012121022
124,(0, 1, 5, 3, 2, 4),4,02011120001122011
125,(0, 1, 5, 3, 2, 4),5,22102202122220212
126,(0, 1, 5, 3, 4, 2),0,02120112100002120
127,(0, 1, 5, 3, 4, 2),1,22022022022022022
128,(0, 1, 5, 3, 4, 2),2,00210210210210210
129,(0, 1, 5, 3, 4, 2),3,21022122012021222
130,(0, 1, 5, 3, 4, 2),4,01022210002211022
131,(0, 1, 5, 3, 4, 2),5,22022020222220202
132,(0, 1, 5, 4, 2, 3),0,02120112100002120
133,(0, 1, 5, 4, 2, 3),1,22022022022022022
134,(0, 1, 5, 4, 2, 3),2,01001010101002202
135,(0, 1, 5, 4, 2, 3),3,22011102012222011
136,(0, 1, 5, 4, 2, 3),4,10221000200220002
137,(0, 1, 5, 4, 2, 3),5,22020111011222020
138,(0, 1, 5, 4, 3, 2),0,02120112100002120
139,(0, 1, 5, 4, 3, 2),1,22022022022022022
140,(0, 1, 5, 4, 3, 2),2,00011200010011000
141,(0, 1, 5, 4, 3, 2),3,22122210101002122
142,(0, 1, 5, 4, 3, 2),4,20112000100110001
143,(0, 1, 5, 4, 3, 2),5,21222101010021222
144,(0, 2, 1, 3, 4, 5),0,02012210002211022
145,(0, 2, 1, 3, 4, 5),1,22202202022222020
146,(0, 2, 1, 3, 4, 5),2,20002102102102102
147,(0, 2, 1, 3, 4, 5),3,21222122012021222
148,(0, 2, 1, 3, 4, 5),4,02120112100002120
149,(0, 2, 1, 3, 4, 5),5,22022022022022022
150,(0, 2, 1, 3, 5, 4),0,02012210002211022
151,(0, 2, 1, 3, 5, 4),1,22202202022222020
152,(0, 2, 1, 3, 5, 4),2,20002102102102102
153,(0, 2, 1, 3, 5, 4),3,21222122012021222
154,(0, 2, 1, 3, 5, 4),4,01210221200001210
155,(0, 2, 1, 3, 5, 4),5,22120221022022120
156,(0, 2, 1, 4, 3, 5),0,02021022001121110
157,(0, 2, 1, 4, 3, 5),1,22220211222102121
158,(0, 2, 1, 4, 3, 5),2,20220220220220220
159,(0, 2, 1, 4, 3, 5),3,22120201102222120
160,(0, 2, 1, 4, 3, 5),4,22111020021201020
161,(0, 2, 1, 4, 3, 5),5,22220121012022221
162,(0, 2, 1, 4, 5, 3),0,02202101210201202
163,(0, 2, 1, 4, 5, 3),1,22222022102210211
164,(0, 2, 1, 4, 5, 3),2,21201201201201201
165,(0, 2, 1, 4, 5, 3),3,22001220112222121
166,(0, 2, 1, 4, 5, 3),4,11222010012102010
167,(0, 2, 1, 4, 5, 3),5,20021121112022121
168,(0, 2, 1, 5, 3, 4),0,02010001210201202
169,(0, 2, 1, 5, 3, 4),1,22202102022220222
170,(0, 2, 1, 5, 3, 4),2,20112120112120112
171,(0, 2, 1, 5, 3, 4),3,20012220122022011
172,(0, 2, 1, 5, 3, 4),4,22101202120102101
173,(0, 2, 1, 5, 3, 4),5,21020211210221020
174,(0, 2, 1, 5, 4, 3),0,02002101210201202
175,(0, 2, 1, 5, 4, 3),1,22211022220202220
176,(0, 2, 1, 5, 4, 3),2,20111000111000111
177,(0, 2, 1, 5, 4, 3),3,20021222022022022
178,(0, 2, 1, 5, 4, 3),4,11202101210201202
179,(0, 2, 1, 5, 4, 3),5,20210202202211102
180,(0, 2, 3, 1, 4, 5),0,00012011102221120
181,(0, 2, 3, 1, 4, 5),1,22202202022222020
182,(0, 2, 3, 1, 4, 5),2,10001201201201201
183,(0, 2, 3, 1, 4, 5),3,21222122012021222
184,(0, 2, 3, 1, 4, 5),4,02120112100002120
185,(0, 2, 3, 1, 4, 5),5,22022022022022022
186,(0, 2, 3, 1, 5, 4),0,00012011102221120
187,(0, 2, 3, 1, 5, 4),1,22202202022222020
188,(0, 2, 3, 1, 5, 4),2,10001201201201201
189,(0, 2, 3, 1, 5, 4),3,21222122012021222
190,(0, 2, 3, 1, 5, 4),4,01210221200001210
191,(0, 2, 3, 1, 5, 4),5,22120221022022120
192,(0, 2, 3, 4, 1, 5),0,01202101210201202
193,(0, 2, 3, 4, 1, 5),1,22221221202110221
194,(0, 2, 3, 4, 1, 5),2,00022022022022022
195,(0, 2, 3, 4, 1, 5),3,21220220212220220
196,(0, 2, 3, 4, 1, 5),4,20210210002020000
197,(0, 2, 3, 4, 1, 5),5,21021122012020120
198,(0, 2, 3, 4, 5, 1),0,01122120120220112
199,(0, 2, 3, 4, 5, 1),1,22202222020202111
200,(0, 2, 3, 4, 5, 1),2,01122121121121121
201,(0, 2, 3, 4, 5, 1),3,20222122222221220
202,(0, 2, 3, 4, 5, 1),4,10120120001010000
203,(0, 2, 3, 4, 5, 1),5,21020222012020022
204,(0, 2, 3, 5, 1, 4),0,01202101210201202
205,(0, 2, 3, 5, 1, 4),1,22221112021202202
206,(0, 2, 3, 5, 1, 4),2,00001201201201201
207,(0, 2, 3, 5, 1, 4),3,21221020102021220
208,(0, 2, 3, 5, 1, 4),4,21022101112211200
209,(0, 2, 3, 5, 1, 4),5,20221120220202212
210,(0, 2, 3, 5, 4, 1),0,01210120112000112
211,(0, 2, 3, 5, 4, 1),1,22220220220220220
212,(0, 2, 3, 5, 4, 1),2,00200011101121011
213,(0, 2, 3, 5, 4, 1),3,21120122002221220
214,(0, 2, 3, 5, 4, 1),4,12011202221122100
215,(0, 2, 3, 5, 4, 1),5,21022120221021202
216,(0, 2, 4, 1, 3, 5),0,00002220010012011
217,(0, 2, 4, 1, 3, 5),1,22220211222102121
218,(0, 2, 4, 1, 3, 5),2,10110110110110110
219,(0, 2, 4, 1, 3, 5),3,22120201102222120
220,(0, 2, 4, 1, 3, 5),4,22111020021201020
221,(0, 2, 4, 1, 3, 5),5,22220121012022221
222,(0, 2, 4, 1, 5, 3),0,00110011001212021
223,(0, 2, 4, 1, 5, 3),1,22222022102210211
224,(0, 2, 4, 1, 5, 3),2,12102102102102102
225,(0, 2, 4, 1, 5, 3),3,22001220112222121
226,(0, 2, 4, 1, 5, 3),4,11222010012102010
227,(0, 2, 4, 1, 5, 3),5,20021121112022121
228,(0, 2, 4, 3, 1, 5),0,01202101210201202
229,(0, 2, 4, 3, 1, 5),1,22221221202110221
230,(0, 2, 4, 3, 1, 5),2,00011011011011011
231,(0, 2, 4, 3, 1, 5),3,21220220212220220
232,(0, 2, 4, 3, 1, 5),4,20210210002020000
233,(0, 2, 4, 3, 1, 5),5,21021122012020120
234,(0, 2, 4, 3, 5, 1),0,01011002112211001
235,(0, 2, 4, 3, 5, 1),1,22202222020202111
236,(0, 2, 4, 3, 5, 1),2,02211212212212212
237,(0, 2, 4, 3, 5, 1),3,20222122222221220
238,(0, 2, 4, 3, 5, 1),4,10120120001010000
239,(0, 2, 4, 3, 5, 1),5,21020222012020022
240,(0, 2, 4, 5, 1, 3),0,01202101210201202
241,(0, 2, 4, 5, 1, 3),1,22222120222122102
242,(0, 2, 4, 5, 1, 3),2,00020010020010020
243,(0, 2, 4, 5, 1, 3),3,20020200020020020
244,(0, 2, 4, 5, 1, 3),4,00012102010220200
245,(0, 2, 4, 5, 1, 3),5,00021201200022200
246,(0, 2, 4, 5, 3, 1),0,01202101210201202
247,(0, 2, 4, 5, 3, 1),1,22222112221220222
248,(0, 2, 4, 5, 3, 1),2,00002121121121121
249,(0, 2, 4, 5, 3, 1),3,21122211201100120
250,(0, 2, 4, 5, 3, 1),4,00021201020110100
251,(0, 2, 4, 5, 3, 1),5,00022200211021201
252,(0, 2, 5, 1, 3, 4),0,00002101210201202
253,(0, 2, 5, 1, 3, 4),1,22202102022220222
254,(0, 2, 5, 1, 3, 4),2,10221210221210221
255,(0, 2, 5, 1, 3, 4),3,20012220122022011
256,(0, 2, 5, 1, 3, 4),4,22101202120102101
257,(0, 2, 5, 1, 3, 4),5,21020211210221020
258,(0, 2, 5, 1, 4, 3),0,00021001210201202
259,(0, 2, 5, 1, 4, 3),1,22211022220202220
260,(0, 2, 5, 1, 4, 3),2,10222000222000222
261,(0, 2, 5, 1, 4, 3),3,20021222022022022
262,(0, 2, 5, 1, 4, 3),4,11202101210201202
263,(0, 2, 5, 1, 4, 3),5,20210202202211102
264,(0, 2, 5, 3, 1, 4),0,01202101210201202
265,(0, 2, 5, 3, 1, 4),1,22221112021202202
266,(0, 2, 5, 3, 1, 4),2,00002102102102102
267,(0, 2, 5, 3, 1, 4),3,21221020102021220
268,(0, 2, 5, 3, 1, 4),4,21022101112211200
269,(0, 2, 5, 3, 1, 4),5,20221120220202212
270,(0, 2, 5, 3, 4, 1),0,01221101100021011
271,(0, 2, 5, 3, 4, 1),1,22220220220220220
272,(0, 2, 5, 3, 4, 1),2,00100022202212022
273,(0, 2, 5, 3, 4, 1),3,21120122002221220
274,(0, 2, 5, 3, 4, 1),4,12011202221122100
275,(0, 2, 5, 3, 4, 1),5,21022120221021202
276,(0, 2, 5, 4, 1, 3),0,01202101210201202
277,(0, 2, 5, 4, 1, 3),1,22222120222122102
278,(0, 2, 5, 4, 1, 3),2,00010020010020010
279,(0, 2, 5, 4, 1, 3),3,20020200020020020
280,(0, 2, 5, 4, 1, 3),4,00012102010220200
281,(0, 2, 5, 4, 1, 3),5,00021201200022200
282,(0, 2, 5, 4, 3, 1),0,01202101210201202
283,(0, 2, 5, 4, 3, 1),1,22222112221220222
284,(0, 2, 5, 4, 3, 1),2,00001212212212212
285,(0, 2, 5, 4, 3, 1),3,21122211201100120
286,(0, 2, 5, 4, 3, 1),4,00021201020110100
287,(0, 2, 5, 4, 3, 1),5,00022200211021201
288,(0, 3, 1, 2, 4, 5),0,02122221020010011
289,(0, 3, 1, 2, 4, 5),1,22111202022120202
290,(0, 3, 1, 2, 4, 5),2,21122020011210021
291,(0, 3, 1, 2, 4, 5),3,20220220220220220
292,(0, 3, 1, 2, 4, 5),4,02120112100002120
293,(0, 3, 1, 2, 4, 5),5,22022022022022022
294,(0, 3, 1, 2, 5, 4),0,02122221020010011
295,(0, 3, 1, 2, 5, 4),1,22111202022120202
296,(0, 3, 1, 2, 5, 4),2,21122020011210021
297,(0, 3, 1, 2, 5, 4),3,20220220220220220
298,(0, 3, 1, 2, 5, 4),4,01210221200001210
299,(0, 3, 1, 2, 5, 4),5,22120221022022120
300,(0, 3, 1, 4, 2, 5),0,02111010020120011
301,(0, 3, 1, 4, 2, 5),1,22120220220210221
302,(0, 3, 1, 4, 2, 5),2,22200201222102200
303,(0, 3, 1, 4, 2, 5),3,20220220220220220
304,(0, 3, 1, 4, 2, 5),4,22020000120222101
305,(0, 3, 1, 4, 2, 5),5,22220121012021222
306,(0, 3, 1, 4, 5, 2),0,02202101210201202
307,(0, 3, 1, 4, 5, 2),1,22111021212102120
308,(0, 3, 1, 4, 5, 2),2,22001122202102001
309,(0, 3, 1, 4, 5, 2),3,21201201201201201
310,(0, 3, 1, 4, 5, 2),4,11010000210111202
311,(0, 3, 1, 4, 5, 2),5,20220021002120021
312,(0, 3, 1, 5, 2, 4),0,02112101210201202
313,(0, 3, 1, 5, 2, 4),1,22022111120202022
314,(0, 3, 1, 5, 2, 4),2,20011222222200011
315,(0, 3, 1, 5, 2, 4),3,20220220220220220
316,(0, 3, 1, 5, 2, 4),4,22101202120102101
317,(0, 3, 1, 5, 2, 4),5,21102212202102221
318,(0, 3, 1, 5, 4, 2),0,02102101210201202
319,(0, 3, 1, 5, 4, 2),1,22022111022022021
320,(0, 3, 1, 5, 4, 2),2,20022200022200022
321,(0, 3, 1, 5, 4, 2),3,20220220220220220
322,(0, 3, 1, 5, 4, 2),4,11202101210201202
323,(0, 3, 1, 5, 4, 2),5,20202212210202220
324,(0, 3, 2, 1, 4, 5),0,02211010022120012
325,(0, 3, 2, 1, 4, 5),1,22120221022120221
326,(0, 3, 2, 1, 4, 5),2,12211010022120012
327,(0, 3, 2, 1, 4, 5),3,21202210221202210
328,(0, 3, 2, 1, 4, 5),4,02120112100002120
329,(0, 3, 2, 1, 4, 5),5,22022022022022022
330,(0, 3, 2, 1, 5, 4),0,02211010022120012
331,(0, 3, 2, 1, 5, 4),1,22120221022120221
332,(0, 3, 2, 1, 5, 4),2,12211010022120012
333,(0, 3, 2, 1, 5, 4),3,21202210221202210
334,(0, 3, 2, 1, 5, 4),4,01210221200001210
335,(0, 3, 2, 1, 5, 4),5,22120221022022120
336,(0, 3, 2, 4, 1, 5),0,02022210100012000
337,(0, 3, 2, 4, 1, 5),1,22102212022102120
338,(0, 3, 2, 4, 1, 5),2,02202021022220210
339,(0, 3, 2, 4, 1, 5),3,22222112112112112
340,(0, 3, 2, 4, 1, 5),4,20100022202212022
341,(0, 3, 2, 4, 1, 5),5,21122121102022021
342,(0, 3, 2, 4, 5, 1),0,02022210100012000
343,(0, 3, 2, 4, 5, 1),1,22102212022102120
344,(0, 3, 2, 4, 5, 1),2,00221000012212202
345,(0, 3, 2, 4, 5, 1),3,22222112112112112
346,(0, 3, 2, 4, 5, 1),4,10200011101121011
347,(0, 3, 2, 4, 5, 1),5,21122121102022021
348,(0, 3, 2, 5, 1, 4),0,02000112100002022
349,(0, 3, 2, 5, 1, 4),1,22110202221020222
350,(0, 3, 2, 5, 1, 4),2,02210002002111012
351,(0, 3, 2, 5, 1, 4),3,22210221202210221
352,(0, 3, 2, 5, 1, 4),4,21221121210010000
353,(0, 3, 2, 5, 1, 4),5,20212021211022110
354,(0, 3, 2, 5, 4, 1),0,02011112222212210
355,(0, 3, 2, 5, 4, 1),1,22111202022111202
356,(0, 3, 2, 5, 4, 1),2,02112212120020000
357,(0, 3, 2, 5, 4, 1),3,22022102202022102
358,(0, 3, 2, 5, 4, 1),4,12112212120020000
359,(0, 3, 2, 5, 4, 1),5,21112020221112020
360,(0, 3, 4, 1, 2, 5),0,02220222201010010
361,(0, 3, 4, 1, 2, 5),1,22102202222120221
362,(0, 3, 4, 1, 2, 5),2,11100102111201100
363,(0, 3, 4, 1, 2, 5),3,21220221220221220
364,(0, 3, 4, 1, 2, 5),4,10220022102212121
365,(0, 3, 4, 1, 2, 5),5,21121020012020021
366,(0, 3, 4, 1, 5, 2),0,02101201210201202
367,(0, 3, 4, 1, 5, 2),1,22102111020202021
368,(0, 3, 4, 1, 5, 2),2,11002211101201002
369,(0, 3, 4, 1, 5, 2),3,20220220220220220
370,(0, 3, 4, 1, 5, 2),4,20110011201121212
371,(0, 3, 4, 1, 5, 2),5,22021222022120121
372,(0, 3, 4, 2, 1, 5),0,02000211011021011
373,(0, 3, 4, 2, 1, 5),1,22102202211102120
374,(0, 3, 4, 2, 1, 5),2,01101012011110120
375,(0, 3, 4, 2, 1, 5),3,22222102212102212
376,(0, 3, 4, 2, 1, 5),4,20120210002212000
377,(0, 3, 4, 2, 1, 5),5,21120021102121022
378,(0, 3, 4, 2, 5, 1),0,02000211011021011
379,(0, 3, 4, 2, 5, 1),1,22102202211102120
380,(0, 3, 4, 2, 5, 1),2,00112000021121101
381,(0, 3, 4, 2, 5, 1),3,22222102212102212
382,(0, 3, 4, 2, 5, 1),4,10210120001121000
383,(0, 3, 4, 2, 5, 1),5,21120021102121022
384,(0, 3, 4, 5, 1, 2),0,02220111210201202
385,(0, 3, 4, 5, 1, 2),1,22102220212020212
386,(0, 3, 4, 5, 1, 2),2,00000102020000000
387,(0, 3, 4, 5, 1, 2),3,20020020020020020
388,(0, 3, 4, 5, 1, 2),4,20110011201110211
389,(0, 3, 4, 5, 1, 2),5,21212202021110022
390,(0, 3, 4, 5, 2, 1),0,02102012120222102
391,(0, 3, 4, 5, 2, 1),1,22102212102202120
392,(0, 3, 4, 5, 2, 1),2,02102000201101100
393,(0, 3, 4, 5, 2, 1),3,21221112101221112
394,(0, 3, 4, 5, 2, 1),4,10220022102220122
395,(0, 3, 4, 5, 2, 1),5,22021020012020021
396,(0, 3, 5, 1, 2, 4),0,02112101210201202
397,(0, 3, 5, 1, 2, 4),1,22022111120202022
398,(0, 3, 5, 1, 2, 4),2,10022111111100022
399,(0, 3, 5, 1, 2, 4),3,20220220220220220
400,(0, 3, 5, 1, 2, 4),4,12101202120102101
401,(0, 3, 5, 1, 2, 4),5,21102212202102221
402,(0, 3, 5, 1, 4, 2),0,02102101210201202
403,(0, 3, 5, 1, 4, 2),1,22022111022022021
404,(0, 3, 5, 1, 4, 2),2,10011100011100011
405,(0, 3, 5, 1, 4, 2),3,20220220220220220
406,(0, 3, 5, 1, 4, 2),4,21202101210201202
407,(0, 3, 5, 1, 4, 2),5,20202212210202220
408,(0, 3, 5, 2, 1, 4),0,02022202000010120
409,(0, 3, 5, 2, 1, 4),1,22120202202020220
410,(0, 3, 5, 2, 1, 4),2,01120001001222021
411,(0, 3, 5, 2, 1, 4),3,22211202211202211
412,(0, 3, 5, 2, 1, 4),4,21211122011001120
413,(0, 3, 5, 2, 1, 4),5,20202120220212022
414,(0, 3, 5, 2, 4, 1),0,02011011000010120
415,(0, 3, 5, 2, 4, 1),1,22120221022120221
416,(0, 3, 5, 2, 4, 1),2,01221121210010000
417,(0, 3, 5, 2, 4, 1),3,22102202202102202
418,(0, 3, 5, 2, 4, 1),4,12122211022002210
419,(0, 3, 5, 2, 4, 1),5,21102022210202221
420,(0, 3, 5, 4, 1, 2),0,02222101210201202
421,(0, 3, 5, 4, 1, 2),1,22111020222122111
422,(0, 3, 5, 4, 1, 2),2,00000201010000000
423,(0, 3, 5, 4, 1, 2),3,20022022022022022
424,(0, 3, 5, 4, 1, 2),4,21102121110001102
425,(0, 3, 5, 4, 1, 2),5,20201202202022022
426,(0, 3, 5, 4, 2, 1),0,02112021100012000
427,(0, 3, 5, 4, 2, 1),1,22121022022021022
428,(0, 3, 5, 4, 2, 1),2,01201000102202200
429,(0, 3, 5, 4, 2, 1),3,21101101101101101
430,(0, 3, 5, 4, 2, 1),4,12201212220002201
431,(0, 3, 5, 4, 2, 1),5,22121212220211020
432,(0, 4, 1, 2, 3, 5),0,02022001210201202
433,(0, 4, 1, 2, 3, 5),1,22202222102202211
434,(0, 4, 1, 2, 3, 5),2,21221121200021010
435,(0, 4, 1, 2, 3, 5),3,20221120220202212
436,(0, 4, 1, 2, 3, 5),4,21021021021021021
437,(0, 4, 1, 2, 3, 5),5,22022121112021121
438,(0, 4, 1, 2, 5, 3),0,00211000221201202
439,(0, 4, 1, 2, 5, 3),1,22202222102202211
440,(0, 4, 1, 2, 5, 3),2,21221121200021010
441,(0, 4, 1, 2, 5, 3),3,20221120220202212
442,(0, 4, 1, 2, 5, 3),4,12012012012012012
443,(0, 4, 1, 2, 5, 3),5,22022121112021121
444,(0, 4, 1, 3, 2, 5),0,02220001210201202
445,(0, 4, 1, 3, 2, 5),1,22222202210210222
446,(0, 4, 1, 3, 2, 5),2,20210210002020000
447,(0, 4, 1, 3, 2, 5),3,21120121112020222
448,(0, 4, 1, 3, 2, 5),4,21110110110110110
449,(0, 4, 1, 3, 2, 5),5,22122021122021221
450,(0, 4, 1, 3, 5, 2),0,00112211210201202
451,(0, 4, 1, 3, 5, 2),1,22222202210210222
452,(0, 4, 1, 3, 5, 2),2,20210210002020000
453,(0, 4, 1, 3, 5, 2),3,21120121112020222
454,(0, 4, 1, 3, 5, 2),4,12220220220220220
455,(0, 4, 1, 3, 5, 2),5,22122021122021221
456,(0, 4, 1, 5, 2, 3),0,01202101210201202
457,(0, 4, 1, 5, 2, 3),1,22120222022220221
458,(0, 4, 1, 5, 2, 3),2,20220112222010220
459,(0, 4, 1, 5, 2, 3),3,20122121022020212
460,(0, 4, 1, 5, 2, 3),4,00100200100200100
461,(0, 4, 1, 5, 2, 3),5,00202000200200202
462,(0, 4, 1, 5, 3, 2),0,01202101210201202
463,(0, 4, 1, 5, 3, 2),1,22120222022220221
464,(0, 4, 1, 5, 3, 2),2,20220112222010220
465,(0, 4, 1, 5, 3, 2),3,20122121022020212
466,(0, 4, 1, 5, 3, 2),4,00200100200100200
467,(0, 4, 1, 5, 3, 2),5,00202000200200202
468,(0, 4, 2, 1, 3, 5),0,02102120222220210
469,(0, 4, 2, 1, 3, 5),1,22222112112112112
470,(0, 4, 2, 1, 3, 5),2,12112212100012020
471,(0, 4, 2, 1, 3, 5),3,21022120221021202
472,(0, 4, 2, 1, 3, 5),4,22120222022120222
473,(0, 4, 2, 1, 3, 5),5,20220021002022021
474,(0, 4, 2, 1, 5, 3),0,00210120020001210
475,(0, 4, 2, 1, 5, 3),1,22222112112112112
476,(0, 4, 2, 1, 5, 3),2,12112212100012020
477,(0, 4, 2, 1, 5, 3),3,21022120221021202
478,(0, 4, 2, 1, 5, 3),4,11210111011210111
479,(0, 4, 2, 1, 5, 3),5,20220021002022021
480,(0, 4, 2, 3, 1, 5),0,02012210002211022
481,(0, 4, 2, 3, 1, 5),1,22202202022222020
482,(0, 4, 2, 3, 1, 5),2,02120112100002120
483,(0, 4, 2, 3, 1, 5),3,22022022022022022
484,(0, 4, 2, 3, 1, 5),4,20002102102102102
485,(0, 4, 2, 3, 1, 5),5,21222122012021222
486,(0, 4, 2, 3, 5, 1),0,00012011102221120
487,(0, 4, 2, 3, 5, 1),1,22202202022222020
488,(0, 4, 2, 3, 5, 1),2,02120112100002120
489,(0, 4, 2, 3, 5, 1),3,22022022022022022
490,(0, 4, 2, 3, 5, 1),4,10001201201201201
491,(0, 4, 2, 3, 5, 1),5,21222122012021222
492,(0, 4, 2, 5, 1, 3),0,01202101210201202
493,(0, 4, 2, 5, 1, 3),1,22020221221020222
494,(0, 4, 2, 5, 1, 3),2,01202101210201202
495,(0, 4, 2, 5, 1, 3),3,22021020220221110
496,(0, 4, 2, 5, 1, 3),4,00100111000111000
497,(0, 4, 2, 5, 1, 3),5,00200212220220220
498,(0, 4, 2, 5, 3, 1),0,01202101210201202
499,(0, 4, 2, 5, 3, 1),1,22020221221020222
500,(0, 4, 2, 5, 3, 1),2,01202101210201202
501,(0, 4, 2, 5, 3, 1),3,22021020220221110
502,(0, 4, 2, 5, 3, 1),4,00200222000222000
503,(0, 4, 2, 5, 3, 1),5,00200212220220220
504,(0, 4, 3, 1, 2, 5),0,00200022211020111
505,(0, 4, 3, 1, 2, 5),1,22202222111102022
506,(0, 4, 3, 1, 2, 5),2,10120120001010000
507,(0, 4, 3, 1, 2, 5),3,21022122012021120
508,(0, 4, 3, 1, 2, 5),4,11112122122122122
509,(0, 4, 3, 1, 2, 5),5,22221120212222122
510,(0, 4, 3, 1, 5, 2),0,02121121120220002
511,(0, 4, 3, 1, 5, 2),1,22202222111102022
512,(0, 4, 3, 1, 5, 2),2,10120120001010000
513,(0, 4, 3, 1, 5, 2),3,21022122012021120
514,(0, 4, 3, 1, 5, 2),4,22221211211211211
515,(0, 4, 3, 1, 5, 2),5,22221120212222122
516,(0, 4, 3, 2, 1, 5),0,02012210002211022
517,(0, 4, 3, 2, 1, 5),1,22202202022222020
518,(0, 4, 3, 2, 1, 5),2,01210221200001210
519,(0, 4, 3, 2, 1, 5),3,22120221022022120
520,(0, 4, 3, 2, 1, 5),4,20002102102102102
521,(0, 4, 3, 2, 1, 5),5,21222122012021222
522,(0, 4, 3, 2, 5, 1),0,00012011102221120
523,(0, 4, 3, 2, 5, 1),1,22202202022222020
524,(0, 4, 3, 2, 5, 1),2,01210221200001210
525,(0, 4, 3, 2, 5, 1),3,22120221022022120
526,(0, 4, 3, 2, 5, 1),4,10001201201201201
527,(0, 4, 3, 2, 5, 1),5,21222122012021222
528,(0, 4, 3, 5, 1, 2),0,02102101210201202
529,(0, 4, 3, 5, 1, 2),1,22211221022021102
530,(0, 4, 3, 5, 1, 2),2,00201020121210201
531,(0, 4, 3, 5, 1, 2),3,21220120012022121
532,(0, 4, 3, 5, 1, 2),4,22221201201201201
533,(0, 4, 3, 5, 1, 2),5,21212201122221212
534,(0, 4, 3, 5, 2, 1),0,00210112000021022
535,(0, 4, 3, 5, 2, 1),1,22211221022021102
536,(0, 4, 3, 5, 2, 1),2,00201020121210201
537,(0, 4, 3, 5, 2, 1),3,21220120012022121
538,(0, 4, 3, 5, 2, 1),4,11112102102102102
539,(0, 4, 3, 5, 2, 1),5,21212201122221212
540,(0, 4, 5, 1, 2, 3),0,02202101210201202
541,(0, 4, 5, 1, 2, 3),1,22202022222210222
542,(0, 4, 5, 1, 2, 3),2,10110221111020110
543,(0, 4, 5, 1, 2, 3),3,20220122122100220
544,(0, 4, 5, 1, 2, 3),4,21211211211211211
545,(0, 4, 5, 1, 2, 3),5,11012121012211210
546,(0, 4, 5, 1, 3, 2),0,00102101210201202
547,(0, 4, 5, 1, 3, 2),1,22202022222210222
548,(0, 4, 5, 1, 3, 2),2,10110221111020110
549,(0, 4, 5, 1, 3, 2),3,20220122122100220
550,(0, 4, 5, 1, 3, 2),4,12122122122122122
551,(0, 4, 5, 1, 3, 2),5,11012121012211210
552,(0, 4, 5, 2, 1, 3),0,01202101210201202
553,(0, 4, 5, 2, 1, 3),1,22020210220222221
554,(0, 4, 5, 2, 1, 3),2,02101202120102101
555,(0, 4, 5, 2, 1, 3),3,22102021121022102
556,(0, 4, 5, 2, 1, 3),4,00100120112120112
557,(0, 4, 5, 2, 1, 3),5,00102201220220112
558,(0, 4, 5, 2, 3, 1),0,01202101210201202
559,(0, 4, 5, 2, 3, 1),1,22020210220222221
560,(0, 4, 5, 2, 3, 1),2,02101202120102101
561,(0, 4, 5, 2, 3, 1),3,22102021121022102
562,(0, 4, 5, 2, 3, 1),4,00200210221210221
563,(0, 4, 5, 2, 3, 1),5,00102201220220112
564,(0, 4, 5, 3, 1, 2),0,02112121202121110
565,(0, 4, 5, 3, 1, 2),1,22220211222102121
566,(0, 4, 5, 3, 1, 2),2,00102010212120102
567,(0, 4, 5, 3, 1, 2),3,21122021102121122
568,(0, 4, 5, 3, 1, 2),4,22120220220220220
569,(0, 4, 5, 3, 1, 2),5,20122212122221202
570,(0, 4, 5, 3, 2, 1),0,00200201020211212
571,(0, 4, 5, 3, 2, 1),1,22220211222102121
572,(0, 4, 5, 3, 2, 1),2,00102010212120102
573,(0, 4, 5, 3, 2, 1),3,21122021102121122
574,(0, 4, 5, 3, 2, 1),4,11210110110110110
575,(0, 4, 5, 3, 2, 1),5,20122212122221202
576,(0, 5, 1, 2, 3, 4),0,02120020120022212
577,(0, 5, 1, 2, 3, 4),1,22211120202112022
578,(0, 5, 1, 2, 3, 4),2,21120001000001010
579,(0, 5, 1, 2, 3, 4),3,20202120220212022
580,(0, 5, 1, 2, 3, 4),4,22010220112010221
581,(0, 5, 1, 2, 3, 4),5,22112022112022112
582,(0, 5, 1, 2, 4, 3),0,02210002000002020
583,(0, 5, 1, 2, 4, 3),1,22021120221112022
584,(0, 5, 1, 2, 4, 3),2,21011112011001011
585,(0, 5, 1, 2, 4, 3),3,20212021211022110
586,(0, 5, 1, 2, 4, 3),4,11020110221020112
587,(0, 5, 1, 2, 4, 3),5,22102212022102212
588,(0, 5, 1, 3, 2, 4),0,02212211021110210
589,(0, 5, 1, 3, 2, 4),1,22112102202102211
590,(0, 5, 1, 3, 2, 4),2,20120210002212000
591,(0, 5, 1, 3, 2, 4),3,21220221102120220
592,(0, 5, 1, 3, 2, 4),4,22221200120222102
593,(0, 5, 1, 3, 2, 4),5,22221022121022121
594,(0, 5, 1, 3, 4, 2),0,02112212100012020
595,(0, 5, 1, 3, 4, 2),1,22120221202102212
596,(0, 5, 1, 3, 4, 2),2,20100022202212022
597,(0, 5, 1, 3, 4, 2),3,21022122022021221
598,(0, 5, 1, 3, 4, 2),4,11112100210111201
599,(0, 5, 1, 3, 4, 2),5,22221121121121121
600,(0, 5, 1, 4, 2, 3),0,01202101210201202
601,(0, 5, 1, 4, 2, 3),1,22120221022110221
602,(0, 5, 1, 4, 2, 3),2,21220100010021220
603,(0, 5, 1, 4, 2, 3),3,20122021222002002
604,(0, 5, 1, 4, 2, 3),4,00000010001020122
605,(0, 5, 1, 4, 2, 3),5,00200200200200200
606,(0, 5, 1, 4, 3, 2),0,01202101210201202
607,(0, 5, 1, 4, 3, 2),1,22021022120222021
608,(0, 5, 1, 4, 3, 2),2,20220212122220120
609,(0, 5, 1, 4, 3, 2),3,21220221222012020
610,(0, 5, 1, 4, 3, 2),4,00000020002010211
611,(0, 5, 1, 4, 3, 2),5,00220220220220220
612,(0, 5, 2, 1, 3, 4),0,02021202011002210
613,(0, 5, 2, 1, 3, 4),1,22210221202210221
614,(0, 5, 2, 1, 3, 4),2,12210002000002020
615,(0, 5, 2, 1, 3, 4),3,21102022210202221
616,(0, 5, 2, 1, 3, 4),4,20120222011001011
617,(0, 5, 2, 1, 3, 4),5,21022022021022022
618,(0, 5, 2, 1, 4, 3),0,02022221022002022
619,(0, 5, 2, 1, 4, 3),1,22022102202022102
620,(0, 5, 2, 1, 4, 3),2,12022221022002022
621,(0, 5, 2, 1, 4, 3),3,21112020221112020
622,(0, 5, 2, 1, 4, 3),4,10210111022002022
623,(0, 5, 2, 1, 4, 3),5,20221022020221022
624,(0, 5, 2, 3, 1, 4),0,02122221020010011
625,(0, 5, 2, 3, 1, 4),1,22111202022120202
626,(0, 5, 2, 3, 1, 4),2,02120112100002120
627,(0, 5, 2, 3, 1, 4),3,22022022022022022
628,(0, 5, 2, 3, 1, 4),4,21122020011210021
629,(0, 5, 2, 3, 1, 4),5,20220220220220220
630,(0, 5, 2, 3, 4, 1),0,02211010022120012
631,(0, 5, 2, 3, 4, 1),1,22120221022120221
632,(0, 5, 2, 3, 4, 1),2,02120112100002120
633,(0, 5, 2, 3, 4, 1),3,22022022022022022
634,(0, 5, 2, 3, 4, 1),4,12211010022120012
635,(0, 5, 2, 3, 4, 1),5,21202210221202210
636,(0, 5, 2, 4, 1, 3),0,01202101210201202
637,(0, 5, 2, 4, 1, 3),1,22021020220221110
638,(0, 5, 2, 4, 1, 3),2,01202101210201202
639,(0, 5, 2, 4, 1, 3),3,22020221221020222
640,(0, 5, 2, 4, 1, 3),4,00200222000222000
641,(0, 5, 2, 4, 1, 3),5,00200212220220220
642,(0, 5, 2, 4, 3, 1),0,01202101210201202
643,(0, 5, 2, 4, 3, 1),1,22021020220221110
644,(0, 5, 2, 4, 3, 1),2,01202101210201202
645,(0, 5, 2, 4, 3, 1),3,22020221221020222
646,(0, 5, 2, 4, 3, 1),4,00100111000111000
647,(0, 5, 2, 4, 3, 1),5,00200212220220220
648,(0, 5, 3, 1, 2, 4),0,02212211021110210
649,(0, 5, 3, 1, 2, 4),1,22112102202102211
650,(0, 5, 3, 1, 2, 4),2,10210120001121000
651,(0, 5, 3, 1, 2, 4),3,21220221102120220
652,(0, 5, 3, 1, 2, 4),4,12001221120002120
653,(0, 5, 3, 1, 2, 4),5,22221022121022121
654,(0, 5, 3, 1, 4, 2),0,02112212100012020
655,(0, 5, 3, 1, 4, 2),1,22120221202102212
656,(0, 5, 3, 1, 4, 2),2,10200011101121011
657,(0, 5, 3, 1, 4, 2),3,21022122022021221
658,(0, 5, 3, 1, 4, 2),4,21002112210001210
659,(0, 5, 3, 1, 4, 2),5,22221121121121121
660,(0, 5, 3, 2, 1, 4),0,02122221020010011
661,(0, 5, 3, 2, 1, 4),1,22111202022120202
662,(0, 5, 3, 2, 1, 4),2,01210221200001210
663,(0, 5, 3, 2, 1, 4),3,22120221022022120
664,(0, 5, 3, 2, 1, 4),4,21122020011210021
665,(0, 5, 3, 2, 1, 4),5,20220220220220220
666,(0, 5, 3, 2, 4, 1),0,02211010022120012
667,(0, 5, 3, 2, 4, 1),1,22120221022120221
668,(0, 5, 3, 2, 4, 1),2,01210221200001210
669,(0, 5, 3, 2, 4, 1),3,22120221022022120
670,(0, 5, 3, 2, 4, 1),4,12211010022120012
671,(0, 5, 3, 2, 4, 1),5,21202210221202210
672,(0, 5, 3, 4, 1, 2),0,02011222210201202
673,(0, 5, 3, 4, 1, 2),1,22021022202210221
674,(0, 5, 3, 4, 1, 2),2,00212210021011120
675,(0, 5, 3, 4, 1, 2),3,21220021002120021
676,(0, 5, 3, 4, 1, 2),4,21110001121020011
677,(0, 5, 3, 4, 1, 2),5,22221201201201201
678,(0, 5, 3, 4, 2, 1),0,02220210022122101
679,(0, 5, 3, 4, 2, 1),1,22020222111020202
680,(0, 5, 3, 4, 2, 1),2,01220221120112121
681,(0, 5, 3, 4, 2, 1),3,20121020012020021
682,(0, 5, 3, 4, 2, 1),4,12220002212010022
683,(0, 5, 3, 4, 2, 1),5,21201221201221201
684,(0, 5, 4, 1, 2, 3),0,00220210200100220
685,(0, 5, 4, 1, 2, 3),1,22112022112110222
686,(0, 5, 4, 1, 2, 3),2,12110200020012110
687,(0, 5, 4, 1, 2, 3),3,21202121202002002
688,(0, 5, 4, 1, 2, 3),4,21020120010001020
689,(0, 5, 4, 1, 2, 3),5,12211121012211121
690,(0, 5, 4, 1, 3, 2),0,00111200120110111
691,(0, 5, 4, 1, 3, 2),1,22202121211021210
692,(0, 5, 4, 1, 3, 2),2,10110121211110210
693,(0, 5, 4, 1, 3, 2),3,20021221200202120
694,(0, 5, 4, 1, 3, 2),4,12010210020002010
695,(0, 5, 4, 1, 3, 2),5,11011011011011011
696,(0, 5, 4, 2, 1, 3),0,01202101210201202
697,(0, 5, 4, 2, 1, 3),1,22020220222022020
698,(0, 5, 4, 2, 1, 3),2,02101202120102101
699,(0, 5, 4, 2, 1, 3),3,22110221220210222
700,(0, 5, 4, 2, 1, 3),4,00102101000222202
701,(0, 5, 4, 2, 1, 3),5,00200220220220220
702,(0, 5, 4, 2, 3, 1),0,01202101210201202
703,(0, 5, 4, 2, 3, 1),1,22020220222022020
704,(0, 5, 4, 2, 3, 1),2,02101202120102101
705,(0, 5, 4, 2, 3, 1),3,22110221220210222
706,(0, 5, 4, 2, 3, 1),4,00201202000111101
707,(0, 5, 4, 2, 3, 1),5,00200220220220220
708,(0, 5, 4, 3, 1, 2),0,02010220020120011
709,(0, 5, 4, 3, 1, 2),1,22202111022021022
710,(0, 5, 4, 3, 1, 2),2,00121120012022210
711,(0, 5, 4, 3, 1, 2),3,21121021202021121
712,(0, 5, 4, 3, 1, 2),4,20112012221022002
713,(0, 5, 4, 3, 1, 2),5,22200220220220220
714,(0, 5, 4, 3, 2, 1),0,02112012122200011
715,(0, 5, 4, 3, 2, 1),1,22202111022120221
716,(0, 5, 4, 3, 2, 1),2,02110112210221212
717,(0, 5, 4, 3, 2, 1),3,20122121122122220
718,(0, 5, 4, 3, 2, 1),4,10221021112011001
719,(0, 5, 4, 3, 2, 1),5,20221220221220221
720,(1, 0, 2, 3, 4, 5),0,01210221200001210
721,(1, 0, 2, 3, 4, 5),1,22120221022022120
722,(1, 0, 2, 3, 4, 5),2,02120112100002120
723,(1, 0, 2, 3, 4, 5),3,22022022022022022
724,(1, 0, 2, 3, 4, 5),4,02120112100002120
725,(1, 0, 2, 3, 4, 5),5,22022022022022022
726,(1, 0, 2, 3, 5, 4),0,01210221200001210
727,(1, 0, 2, 3, 5, 4),1,22120221022022120
728,(1, 0, 2, 3, 5, 4),2,02120112100002120
729,(1, 0, 2, 3, 5, 4),3,22022022022022022
730,(1, 0, 2, 3, 5, 4),4,01210221200001210
731,(1, 0, 2, 3, 5, 4),5,22120221022022120
732,(1, 0, 2, 4, 3, 5),0,01210221200001210
733,(1, 0, 2, 4, 3, 5),1,22120221022022120
734,(1, 0, 2, 4, 3, 5),2,02012210002211022
735,(1, 0, 2, 4, 3, 5),3,22202202022222020
736,(1, 0, 2, 4, 3, 5),4,20002102102102102
737,(1, 0, 2, 4, 3, 5),5,21222122012021222
738,(1, 0, 2, 4, 5, 3),0,01210221200001210
739,(1, 0, 2, 4, 5, 3),1,22120221022022120
740,(1, 0, 2, 4, 5, 3),2,00012011102221120
741,(1, 0, 2, 4, 5, 3),3,22202202022222020
742,(1, 0, 2, 4, 5, 3),4,10001201201201201
743,(1, 0, 2, 4, 5, 3),5,21222122012021222
744,(1, 0, 2, 5, 3, 4),0,01210221200001210
745,(1, 0, 2, 5, 3, 4),1,22120221022022120
746,(1, 0, 2, 5, 3, 4),2,02122221020010011
747,(1, 0, 2, 5, 3, 4),3,22111202022120202
748,(1, 0, 2, 5, 3, 4),4,21122020011210021
749,(1, 0, 2, 5, 3, 4),5,20220220220220220
750,(1, 0, 2, 5, 4, 3),0,01210221200001210
751,(1, 0, 2, 5, 4, 3),1,22120221022022120
752,(1, 0, 2, 5, 4, 3),2,02211010022120012
753,(1, 0, 2, 5, 4, 3),3,22120221022120221
754,(1, 0, 2, 5, 4, 3),4,12211010022120012
755,(1, 0, 2, 5, 4, 3),5,21202210221202210
756,(1, 0, 3, 2, 4, 5),0,01210221200001210
757,(1, 0, 3, 2, 4, 5),1,22120221022022120
758,(1, 0, 3, 2, 4, 5),2,01210221200001210
759,(1, 0, 3, 2, 4, 5),3,22120221022022120
760,(1, 0, 3, 2, 4, 5),4,02120112100002120
761,(1, 0, 3, 2, 4, 5),5,22022022022022022
762,(1, 0, 3, 2, 5, 4),0,01210221200001210
763,(1, 0, 3, 2, 5, 4),1,22120221022022120
764,(1, 0, 3, 2, 5, 4),2,01210221200001210
765,(1, 0, 3, 2, 5, 4),3,22120221022022120
766,(1, 0, 3, 2, 5, 4),4,01210221200001210
767,(1, 0, 3, 2, 5, 4),5,22120221022022120
768,(1, 0, 3, 4, 2, 5),0,01210221200001210
769,(1, 0, 3, 4, 2, 5),1,22120221022022120
770,(1, 0, 3, 4, 2, 5),2,02020010111222020
771,(1, 0, 3, 4, 2, 5),3,22020122012222020
772,(1, 0, 3, 4, 2, 5),4,02100022121112100
773,(1, 0, 3, 4, 2, 5),5,21120022122121222
774,(1, 0, 3, 4, 5, 2),0,01210221200001210
775,(1, 0, 3, 4, 5, 2),1,22120221022022120
776,(1, 0, 3, 4, 5, 2),2,02120001121222120
777,(1, 0, 3, 4, 5, 2),3,22122220102222021
778,(1, 0, 3, 4, 5, 2),4,01200011212221200
779,(1, 0, 3, 4, 5, 2),5,21222020102222021
780,(1, 0, 3, 5, 2, 4),0,01210221200001210
781,(1, 0, 3, 5, 2, 4),1,22120221022022120
782,(1, 0, 3, 5, 2, 4),2,00112101110120112
783,(1, 0, 3, 5, 2, 4),3,21022121012121022
784,(1, 0, 3, 5, 2, 4),4,02210022201112210
785,(1, 0, 3, 5, 2, 4),5,22102202122220212
786,(1, 0, 3, 5, 4, 2),0,01210221200001210
787,(1, 0, 3, 5, 4, 2),1,22120221022022120
788,(1, 0, 3, 5, 4, 2),2,00120120120120120
789,(1, 0, 3, 5, 4, 2),3,21022122012021222
790,(1, 0, 3, 5, 4, 2),4,01120011102221120
791,(1, 0, 3, 5, 4, 2),5,22022020222220202
792,(1, 0, 4, 2, 3, 5),0,01210221200001210
793,(1, 0, 4, 2, 3, 5),1,22120221022022120
794,(1, 0, 4, 2, 3, 5),2,01021120001122011
795,(1, 0, 4, 2, 3, 5),3,22210220212222021
796,(1, 0, 4, 2, 3, 5),4,20100022202102212
797,(1, 0, 4, 2, 3, 5),5,21120120012021120
798,(1, 0, 4, 2, 5, 3),0,01210221200001210
799,(1, 0, 4, 2, 5, 3),1,22120221022022120
800,(1, 0, 4, 2, 5, 3),2,00021022201112210
801,(1, 0, 4, 2, 5, 3),3,22210220212222021
802,(1, 0, 4, 2, 5, 3),4,10200011101201121
803,(1, 0, 4, 2, 5, 3),5,21120120012021120
804,(1, 0, 4, 3, 2, 5),0,01210221200001210
805,(1, 0, 4, 3, 2, 5),1,22120221022022120
806,(1, 0, 4, 3, 2, 5),2,01010020222111010
807,(1, 0, 4, 3, 2, 5),3,22220120002022020
808,(1, 0, 4, 3, 2, 5),4,00100202221110100
809,(1, 0, 4, 3, 2, 5),5,20122122202022020
810,(1, 0, 4, 3, 5, 2),0,01210221200001210
811,(1, 0, 4, 3, 5, 2),1,22120221022022120
812,(1, 0, 4, 3, 5, 2),2,01210002212111210
813,(1, 0, 4, 3, 5, 2),3,22222122122121222
814,(1, 0, 4, 3, 5, 2),4,00200101112220200
815,(1, 0, 4, 3, 5, 2),5,20122122012222020
816,(1, 0, 4, 5, 2, 3),0,01210221200001210
817,(1, 0, 4, 5, 2, 3),1,22120221022022120
818,(1, 0, 4, 5, 2, 3),2,02002020202001101
819,(1, 0, 4, 5, 2, 3),3,22210102210211010
820,(1, 0, 4, 5, 2, 3),4,11010102020011010
821,(1, 0, 4, 5, 2, 3),5,22101022102110101
822,(1, 0, 4, 5, 3, 2),0,01210221200001210
823,(1, 0, 4, 5, 3, 2),1,22120221022022120
824,(1, 0, 4, 5, 3, 2),2,00022100020022000
825,(1, 0, 4, 5, 3, 2),3,22202011101122202
826,(1, 0, 4, 5, 3, 2),4,22020201010022020
827,(1, 0, 4, 5, 3, 2),5,20111020122220111
828,(1, 0, 5, 2, 3, 4),0,01210221200001210
829,(1, 0, 5, 2, 3, 4),1,22120221022022120
830,(1, 0, 5, 2, 3, 4),2,01211112010020022
831,(1, 0, 5, 2, 3, 4),3,22021202121120210
832,(1, 0, 5, 2, 3, 4),4,21211112010020022
833,(1, 0, 5, 2, 3, 4),5,20212021211202102
834,(1, 0, 5, 2, 4, 3),0,01210221200001210
835,(1, 0, 5, 2, 4, 3),1,22120221022022120
836,(1, 0, 5, 2, 4, 3),2,01122020011210021
837,(1, 0, 5, 2, 4, 3),3,22022022022022022
838,(1, 0, 5, 2, 4, 3),4,12122221020010011
839,(1, 0, 5, 2, 4, 3),5,21112020221202022
840,(1, 0, 5, 3, 2, 4),0,01210221200001210
841,(1, 0, 5, 3, 2, 4),1,22120221022022120
842,(1, 0, 5, 3, 2, 4),2,00221202220210221
843,(1, 0, 5, 3, 2, 4),3,21022121012121022
844,(1, 0, 5, 3, 2, 4),4,02011120001122011
845,(1, 0, 5, 3, 2, 4),5,22102202122220212
846,(1, 0, 5, 3, 4, 2),0,01210221200001210
847,(1, 0, 5, 3, 4, 2),1,22120221022022120
848,(1, 0, 5, 3, 4, 2),2,00210210210210210
849,(1, 0, 5, 3, 4, 2),3,21022122012021222
850,(1, 0, 5, 3, 4, 2),4,01022210002211022
851,(1, 0, 5, 3, 4, 2),5,22022020222220202
852,(1, 0, 5, 4, 2, 3),0,01210221200001210
853,(1, 0, 5, 4, 2, 3),1,22120221022022120
854,(1, 0, 5, 4, 2, 3),2,01001010101002202
855,(1, 0, 5, 4, 2, 3),3,22011102012222011
856,(1, 0, 5, 4, 2, 3),4,10221000200220002
857,(1, 0, 5, 4, 2, 3),5,22020111011222020
858,(1, 0, 5, 4, 3, 2),0,01210221200001210
859,(1, 0, 5, 4, 3, 2),1,22120221022022120
860,(1, 0, 5, 4, 3, 2),2,00011200010011000
861,(1, 0, 5, 4, 3, 2),3,22122210101002122
862,(1, 0, 5, 4, 3, 2),4,20112000100110001
863,(1, 0, 5, 4, 3, 2),5,21222101010021222
864,(1, 2, 0, 3, 4, 5),0,02020010111222020
865,(1, 2, 0, 3, 4, 5),1,22020122012222020
866,(1, 2, 0, 3, 4, 5),2,02100022121112100
867,(1, 2, 0, 3, 4, 5),3,21120022122121222
868,(1, 2, 0, 3, 4, 5),4,02120112100002120
869,(1, 2, 0, 3, 4, 5),5,22022022022022022
870,(1, 2, 0, 3, 5, 4),0,02020010111222020
871,(1, 2, 0, 3, 5, 4),1,22020122012222020
872,(1, 2, 0, 3, 5, 4),2,02100022121112100
873,(1, 2, 0, 3, 5, 4),3,21120022122121222
874,(1, 2, 0, 3, 5, 4),4,01210221200001210
875,(1, 2, 0, 3, 5, 4),5,22120221022022120
876,(1, 2, 0, 4, 3, 5),0,02001220022011000
877,(1, 2, 0, 4, 3, 5),1,22021021202122222
878,(1, 2, 0, 4, 3, 5),2,02021122010102021
879,(1, 2, 0, 4, 3, 5),3,22211212122222011
880,(1, 2, 0, 4, 3, 5),4,22021102211022111
881,(1, 2, 0, 4, 3, 5),5,22222221012021121
882,(1, 2, 0, 4, 5, 3),0,02221211022010212
883,(1, 2, 0, 4, 5, 3),1,22221020022120022
884,(1, 2, 0, 4, 5, 3),2,00022010121112201
885,(1, 2, 0, 4, 5, 3),3,22212210002222212
886,(1, 2, 0, 4, 5, 3),4,11012201122011222
887,(1, 2, 0, 4, 5, 3),5,20020122222121220
888,(1, 2, 0, 5, 3, 4),0,02020101110021121
889,(1, 2, 0, 5, 3, 4),1,22021120022220221
890,(1, 2, 0, 5, 3, 4),2,02101122120102101
891,(1, 2, 0, 5, 3, 4),3,20011201221021000
892,(1, 2, 0, 5, 3, 4),4,22101202120102101
893,(1, 2, 0, 5, 3, 4),5,21102220211021020
894,(1, 2, 0, 5, 4, 3),0,02011001120112121
895,(1, 2, 0, 5, 4, 3),1,22021222022120121
896,(1, 2, 0, 5, 4, 3),2,02220002212010022
897,(1, 2, 0, 5, 4, 3),3,20022022022022022
898,(1, 2, 0, 5, 4, 3),4,11202101210201202
899,(1, 2, 0, 5, 4, 3),5,20202221110202021
900,(1, 2, 3, 0, 4, 5),0,02120001121222120
901,(1, 2, 3, 0, 4, 5),1,22122220102222021
902,(1, 2, 3, 0, 4, 5),2,01200011212221200
903,(1, 2, 3, 0, 4, 5),3,21222020102222021
904,(1, 2, 3, 0, 4, 5),4,02120112100002120
905,(1, 2, 3, 0, 4, 5),5,22022022022022022
906,(1, 2, 3, 0, 5, 4),0,02120001121222120
907,(1, 2, 3, 0, 5, 4),1,22122220102222021
908,(1, 2, 3, 0, 5, 4),2,01200011212221200
909,(1, 2, 3, 0, 5, 4),3,21222020102222021
910,(1, 2, 3, 0, 5, 4),4,01210221200001210
911,(1, 2, 3, 0, 5, 4),5,22120221022022120
912,(1, 2, 3, 4, 0, 5),0,02000021110201000
913,(1, 2, 3, 4, 0, 5),1,22021021022220122
914,(1, 2, 3, 4, 0, 5),2,02022220112021200
915,(1, 2, 3, 4, 0, 5),3,22222121012122222
916,(1, 2, 3, 4, 0, 5),4,00100112022111021
917,(1, 2, 3, 4, 0, 5),5,21220021122120121
918,(1, 2, 3, 4, 5, 0),0,02020022101122201
919,(1, 2, 3, 4, 5, 0),1,22022222112221221
920,(1, 2, 3, 4, 5, 0),2,02121221011222012
921,(1, 2, 3, 4, 5, 0),3,22222222112221221
922,(1, 2, 3, 4, 5, 0),4,00200221011222012
923,(1, 2, 3, 4, 5, 0),5,21221120112122122
924,(1, 2, 3, 5, 0, 4),0,02210111102212110
925,(1, 2, 3, 5, 0, 4),1,22221222102121221
926,(1, 2, 3, 5, 0, 4),2,00111012020101202
927,(1, 2, 3, 5, 0, 4),3,21020022012021120
928,(1, 2, 3, 5, 0, 4),4,01002101121212201
929,(1, 2, 3, 5, 0, 4),5,22102222021020212
930,(1, 2, 3, 5, 4, 0),0,02212112112112112
931,(1, 2, 3, 5, 4, 0),1,22220221212222122
932,(1, 2, 3, 5, 4, 0),2,00120120001010000
933,(1, 2, 3, 5, 4, 0),3,21020220012020022
934,(1, 2, 3, 5, 4, 0),4,02001202212121102
935,(1, 2, 3, 5, 4, 0),5,22022220202021112
936,(1, 2, 4, 0, 3, 5),0,02110212122101001
937,(1, 2, 4, 0, 3, 5),1,22121022102021122
938,(1, 2, 4, 0, 3, 5),2,01012211020201012
939,(1, 2, 4, 0, 3, 5),3,22120200012222000
940,(1, 2, 4, 0, 3, 5),4,22111200220202101
941,(1, 2, 4, 0, 3, 5),5,22220121012021021
942,(1, 2, 4, 0, 5, 3),0,02220220100102011
943,(1, 2, 4, 0, 5, 3),1,22220221122020222
944,(1, 2, 4, 0, 5, 3),2,00011020212221102
945,(1, 2, 4, 0, 5, 3),3,22010221012222120
946,(1, 2, 4, 0, 5, 3),4,11222100110101202
947,(1, 2, 4, 0, 5, 3),5,20021121112020020
948,(1, 2, 4, 3, 0, 5),0,02111120001021001
949,(1, 2, 4, 3, 0, 5),1,22122020102022021
950,(1, 2, 4, 3, 0, 5),2,01011110221012100
951,(1, 2, 4, 3, 0, 5),3,22222121022122120
952,(1, 2, 4, 3, 0, 5),4,00000122201020000
953,(1, 2, 4, 3, 0, 5),5,21122120112122122
954,(1, 2, 4, 3, 5, 0),0,02120022011202120
955,(1, 2, 4, 3, 5, 0),1,22120221012020221
956,(1, 2, 4, 3, 5, 0),2,01212112022111021
957,(1, 2, 4, 3, 5, 0),3,22222022022021222
958,(1, 2, 4, 3, 5, 0),4,00000211102010000
959,(1, 2, 4, 3, 5, 0),5,21121022202021221
960,(1, 2, 4, 5, 0, 3),0,02002000000002100
961,(1, 2, 4, 5, 0, 3),1,22020220202020021
962,(1, 2, 4, 5, 0, 3),2,02001000201201102
963,(1, 2, 4, 5, 0, 3),3,22011102012112011
964,(1, 2, 4, 5, 0, 3),4,11202221111102202
965,(1, 2, 4, 5, 0, 3),5,22202202021210201
966,(1, 2, 4, 5, 3, 0),0,02220111220020122
967,(1, 2, 4, 5, 3, 0),1,22220120222221020
968,(1, 2, 4, 5, 3, 0),2,00020021000101020
969,(1, 2, 4, 5, 3, 0),3,22102020122021101
970,(1, 2, 4, 5, 3, 0),4,22101112222201101
971,(1, 2, 4, 5, 3, 0),5,21212202211100022
972,(1, 2, 5, 0, 3, 4),0,02120210121120020
973,(1, 2, 5, 0, 3, 4),1,22120021102121021
974,(1, 2, 5, 0, 3, 4),2,01202211210201202
975,(1, 2, 5, 0, 3, 4),3,20012221022120101
976,(1, 2, 5, 0, 3, 4),4,22101202120102101
977,(1, 2, 5, 0, 3, 4),5,21020222022020221
978,(1, 2, 5, 0, 4, 3),0,02101000021011120
979,(1, 2, 5, 0, 4, 3),1,22121121002120021
980,(1, 2, 5, 0, 4, 3),2,01110001121020011
981,(1, 2, 5, 0, 4, 3),3,20021222120120120
982,(1, 2, 5, 0, 4, 3),4,11202101210201202
983,(1, 2, 5, 0, 4, 3),5,20210222022102211
984,(1, 2, 5, 3, 0, 4),0,02201121010002201
985,(1, 2, 5, 3, 0, 4),1,22220121202120221
986,(1, 2, 5, 3, 0, 4),2,00222021010202101
987,(1, 2, 5, 3, 0, 4),3,21021021122221220
988,(1, 2, 5, 3, 0, 4),4,01011202120102101
989,(1, 2, 5, 3, 0, 4),5,22212202202111202
990,(1, 2, 5, 3, 4, 0),0,02202202202202202
991,(1, 2, 5, 3, 4, 0),1,22221220212021222
992,(1, 2, 5, 3, 4, 0),2,00210210002020000
993,(1, 2, 5, 3, 4, 0),3,21020221212221022
994,(1, 2, 5, 3, 4, 0),4,02022101210201202
995,(1, 2, 5, 3, 4, 0),5,22212212021102212
996,(1, 2, 5, 4, 0, 3),0,02112111111112012
997,(1, 2, 5, 4, 0, 3),1,22120221222021121
998,(1, 2, 5, 4, 0, 3),2,01002000102102201
999,(1, 2, 5, 4, 0, 3),3,22012100220020020
1000,(1, 2, 5, 4, 0, 3),4,11002120012220001
1001,(1, 2, 5, 4, 0, 3),5,22201100220212202
1002,(1, 2, 5, 4, 3, 0),0,02221012221121002
1003,(1, 2, 5, 4, 3, 0),1,22221022022220122
1004,(1, 2, 5, 4, 3, 0),2,00010012000202010
1005,(1, 2, 5, 4, 3, 0),3,22100211122021101
1006,(1, 2, 5, 4, 3, 0),4,22001210021110002
1007,(1, 2, 5, 4, 3, 0),5,21222202220212201
1008,(1, 3, 0, 2, 4, 5),0,00112101110120112
1009,(1, 3, 0, 2, 4, 5),1,21022121012121022
1010,(1, 3, 0, 2, 4, 5),2,02210022201112210
1011,(1, 3, 0, 2, 4, 5),3,22102202122220212
1012,(1, 3, 0, 2, 4, 5),4,02120112100002120
1013,(1, 3, 0, 2, 4, 5),5,22022022022022022
1014,(1, 3, 0, 2, 5, 4),0,00112101110120112
1015,(1, 3, 0, 2, 5, 4),1,21022121012121022
1016,(1, 3, 0, 2, 5, 4),2,02210022201112210
1017,(1, 3, 0, 2, 5, 4),3,22102202122220212
1018,(1, 3, 0, 2, 5, 4),4,01210221200001210
1019,(1, 3, 0, 2, 5, 4),5,22120221022022120
1020,(1, 3, 0, 4, 2, 5),0,00120012211222210
1021,(1, 3, 0, 4, 2, 5),1,21020120012221021
1022,(1, 3, 0, 4, 2, 5),2,00202112201010202
1023,(1, 3, 0, 4, 2, 5),3,22012221222220112
1024,(1, 3, 0, 4, 2, 5),4,00222102002010222
1025,(1, 3, 0, 4, 2, 5),5,22021021202122222
1026,(1, 3, 0, 4, 5, 2),0,00112222111010120
1027,(1, 3, 0, 4, 5, 2),1,21020121012221121
1028,(1, 3, 0, 4, 5, 2),2,00001102021222110
1029,(1, 3, 0, 4, 5, 2),3,22122120022222122
1030,(1, 3, 0, 4, 5, 2),4,00111201001020111
1031,(1, 3, 0, 4, 5, 2),5,22220221122020222
1032,(1, 3, 0, 5, 2, 4),0,00220112001201110
1033,(1, 3, 0, 5, 2, 4),1,21220120012021220
1034,(1, 3, 0, 5, 2, 4),2,01202102011210202
1035,(1, 3, 0, 5, 2, 4),3,21012121222221122
1036,(1, 3, 0, 5, 2, 4),4,00220022002121012
1037,(1, 3, 0, 5, 2, 4),5,22022211121110212
1038,(1, 3, 0, 5, 4, 2),0,00220112211210201
1039,(1, 3, 0, 5, 4, 2),1,21220121222121020
1040,(1, 3, 0, 5, 4, 2),2,01210210210210210
1041,(1, 3, 0, 5, 4, 2),3,21012201122221212
1042,(1, 3, 0, 5, 4, 2),4,00110011001212021
1043,(1, 3, 0, 5, 4, 2),5,22112210220211022
1044,(1, 3, 2, 0, 4, 5),0,00120120120120120
1045,(1, 3, 2, 0, 4, 5),1,21022122012021222
1046,(1, 3, 2, 0, 4, 5),2,01120011102221120
1047,(1, 3, 2, 0, 4, 5),3,22022020222220202
1048,(1, 3, 2, 0, 4, 5),4,02120112100002120
1049,(1, 3, 2, 0, 4, 5),5,22022022022022022
1050,(1, 3, 2, 0, 5, 4),0,00120120120120120
1051,(1, 3, 2, 0, 5, 4),1,21022122012021222
1052,(1, 3, 2, 0, 5, 4),2,01120011102221120
1053,(1, 3, 2, 0, 5, 4),3,22022020222220202
1054,(1, 3, 2, 0, 5, 4),4,01210221200001210
1055,(1, 3, 2, 0, 5, 4),5,22120221022022120
1056,(1, 3, 2, 4, 0, 5),0,00100012000101000
1057,(1, 3, 2, 4, 0, 5),1,21020121212021122
1058,(1, 3, 2, 4, 0, 5),2,01112201022021210
1059,(1, 3, 2, 4, 0, 5),3,22202222111102022
1060,(1, 3, 2, 4, 0, 5),4,01212212212212212
1061,(1, 3, 2, 4, 0, 5),5,22120221212222122
1062,(1, 3, 2, 4, 5, 0),0,00100012000101000
1063,(1, 3, 2, 4, 5, 0),1,21020121212021122
1064,(1, 3, 2, 4, 5, 0),2,01020011202012001
1065,(1, 3, 2, 4, 5, 0),3,22202222111102022
1066,(1, 3, 2, 4, 5, 0),4,02121121121121121
1067,(1, 3, 2, 4, 5, 0),5,22120221212222122
1068,(1, 3, 2, 5, 0, 4),0,00110200000112100
1069,(1, 3, 2, 5, 0, 4),1,21022122012022021
1070,(1, 3, 2, 5, 0, 4),2,02012211011021011
1071,(1, 3, 2, 5, 0, 4),3,22112102202102211
1072,(1, 3, 2, 5, 0, 4),4,02211122122000221
1073,(1, 3, 2, 5, 0, 4),5,22212102212102212
1074,(1, 3, 2, 5, 4, 0),0,00112101110112101
1075,(1, 3, 2, 5, 4, 0),1,21022122012021122
1076,(1, 3, 2, 5, 4, 0),2,02011202221122100
1077,(1, 3, 2, 5, 4, 0),3,22120221202102212
1078,(1, 3, 2, 5, 4, 0),4,01122211211000112
1079,(1, 3, 2, 5, 4, 0),5,22202202202202202
1080,(1, 3, 4, 0, 2, 5),0,00101212122000120
1081,(1, 3, 4, 0, 2, 5),1,21022221222022120
1082,(1, 3, 4, 0, 2, 5),2,00101221102020101
1083,(1, 3, 4, 0, 2, 5),3,22202000122220002
1084,(1, 3, 4, 0, 2, 5),4,02021120110201212
1085,(1, 3, 4, 0, 2, 5),5,22121022102021122
1086,(1, 3, 4, 0, 5, 2),0,00101020112201122
1087,(1, 3, 4, 0, 5, 2),1,21020122222121220
1088,(1, 3, 4, 0, 5, 2),2,00002201012111220
1089,(1, 3, 4, 0, 5, 2),3,22212201122221212
1090,(1, 3, 4, 0, 5, 2),4,01012210220102121
1091,(1, 3, 4, 0, 5, 2),5,22221020022120022
1092,(1, 3, 4, 2, 0, 5),0,00102201202010120
1093,(1, 3, 4, 2, 0, 5),1,21020121012022020
1094,(1, 3, 4, 2, 0, 5),2,02221102011012120
1095,(1, 3, 4, 2, 0, 5),3,22212221102111022
1096,(1, 3, 4, 2, 0, 5),4,01202222011212202
1097,(1, 3, 4, 2, 0, 5),5,22122220122020221
1098,(1, 3, 4, 2, 5, 0),0,00102201202010120
1099,(1, 3, 4, 2, 5, 0),1,21020121012022020
1100,(1, 3, 4, 2, 5, 0),2,02010022101021002
1101,(1, 3, 4, 2, 5, 0),3,22212221102111022
1102,(1, 3, 4, 2, 5, 0),4,02101111022121101
1103,(1, 3, 4, 2, 5, 0),5,22122220122020221
1104,(1, 3, 4, 5, 0, 2),0,00100001022101012
1105,(1, 3, 4, 5, 0, 2),1,21020221112021222
1106,(1, 3, 4, 5, 0, 2),2,01010102020212000
1107,(1, 3, 4, 5, 0, 2),3,22201120122020121
1108,(1, 3, 4, 5, 0, 2),4,01212010122112001
1109,(1, 3, 4, 5, 0, 2),5,22112022220212202
1110,(1, 3, 4, 5, 2, 0),0,00102211011102111
1111,(1, 3, 4, 5, 2, 0),1,21021120212121122
1112,(1, 3, 4, 5, 2, 0),2,01200012000202101
1113,(1, 3, 4, 5, 2, 0),3,22210211210210010
1114,(1, 3, 4, 5, 2, 0),4,02121020211221002
1115,(1, 3, 4, 5, 2, 0),5,22202202211021202
1116,(1, 3, 5, 0, 2, 4),0,00220112001201110
1117,(1, 3, 5, 0, 2, 4),1,21220120012021220
1118,(1, 3, 5, 0, 2, 4),2,02101201022120101
1119,(1, 3, 5, 0, 2, 4),3,21012121222221122
1120,(1, 3, 5, 0, 2, 4),4,01101202120102101
1121,(1, 3, 5, 0, 2, 4),5,22022211121110212
1122,(1, 3, 5, 0, 4, 2),0,00220112211210201
1123,(1, 3, 5, 0, 4, 2),1,21220121222121020
1124,(1, 3, 5, 0, 4, 2),2,02120120120120120
1125,(1, 3, 5, 0, 4, 2),3,21012201122221212
1126,(1, 3, 5, 0, 4, 2),4,02202101210201202
1127,(1, 3, 5, 0, 4, 2),5,22112210220211022
1128,(1, 3, 5, 2, 0, 4),0,00120200020212102
1129,(1, 3, 5, 2, 0, 4),1,21020221122020122
1130,(1, 3, 5, 2, 0, 4),2,01021122022012022
1131,(1, 3, 5, 2, 0, 4),3,22022022102020221
1132,(1, 3, 5, 2, 0, 4),4,02221110101012221
1133,(1, 3, 5, 2, 0, 4),5,22202120202212110
1134,(1, 3, 5, 2, 4, 0),0,00120120120120120
1135,(1, 3, 5, 2, 4, 0),1,21020221112022022
1136,(1, 3, 5, 2, 4, 0),2,01022101112211200
1137,(1, 3, 5, 2, 4, 0),3,22022022211111202
1138,(1, 3, 5, 2, 4, 0),4,01112220202021112
1139,(1, 3, 5, 2, 4, 0),5,22211120212022020
1140,(1, 3, 5, 4, 0, 2),0,00112220011112020
1141,(1, 3, 5, 4, 0, 2),1,21020022202022222
1142,(1, 3, 5, 4, 0, 2),2,02020201010121000
1143,(1, 3, 5, 4, 0, 2),3,22121000102102121
1144,(1, 3, 5, 4, 0, 2),4,02202011110112102
1145,(1, 3, 5, 4, 0, 2),5,22202202221212220
1146,(1, 3, 5, 4, 2, 0),0,00121022001222211
1147,(1, 3, 5, 4, 2, 0),1,21020222222020122
1148,(1, 3, 5, 4, 2, 0),2,02100021000101202
1149,(1, 3, 5, 4, 2, 0),3,22012221211111212
1150,(1, 3, 5, 4, 2, 0),4,01101022220221201
1151,(1, 3, 5, 4, 2, 0),5,22022212220202022
1152,(1, 4, 0, 2, 3, 5),0,00011220100022011
1153,(1, 4, 0, 2, 3, 5),1,21222122112221220
1154,(1, 4, 0, 2, 3, 5),2,02101202120102101
1155,(1, 4, 0, 2, 3, 5),3,22212202202111202
1156,(1, 4, 0, 2, 3, 5),4,20110210102021010
1157,(1, 4, 0, 2, 3, 5),5,21020221212021121
1158,(1, 4, 0, 2, 5, 3),0,01100221022121101
1159,(1, 4, 0, 2, 5, 3),1,20220220012120220
1160,(1, 4, 0, 2, 5, 3),2,00022200010220022
1161,(1, 4, 0, 2, 5, 3),3,22102222021020212
1162,(1, 4, 0, 2, 5, 3),4,10220120201012020
1163,(1, 4, 0, 2, 5, 3),5,21122122012021021
1164,(1, 4, 0, 3, 2, 5),0,02211200010210011
1165,(1, 4, 0, 3, 2, 5),1,22220020022120122
1166,(1, 4, 0, 3, 2, 5),2,00000122201020000
1167,(1, 4, 0, 3, 2, 5),3,21220021222021120
1168,(1, 4, 0, 3, 2, 5),4,00111102210121001
1169,(1, 4, 0, 3, 2, 5),5,22220220202021020
1170,(1, 4, 0, 3, 5, 2),0,02200211102010000
1171,(1, 4, 0, 3, 5, 2),1,22220120222120021
1172,(1, 4, 0, 3, 5, 2),2,00100112022111021
1173,(1, 4, 0, 3, 5, 2),3,21120221112222120
1174,(1, 4, 0, 3, 5, 2),4,00222201120212002
1175,(1, 4, 0, 3, 5, 2),5,22120021002020120
1176,(1, 4, 0, 5, 2, 3),0,01001111000021001
1177,(1, 4, 0, 5, 2, 3),1,20021020022221221
1178,(1, 4, 0, 5, 2, 3),2,02122200220010220
1179,(1, 4, 0, 5, 2, 3),3,20200121022010020
1180,(1, 4, 0, 5, 2, 3),4,11020002012011020
1181,(1, 4, 0, 5, 2, 3),5,22112200200200202
1182,(1, 4, 0, 5, 3, 2),0,00120000111120120
1183,(1, 4, 0, 5, 3, 2),1,21221222022221221
1184,(1, 4, 0, 5, 3, 2),2,01122212120222221
1185,(1, 4, 0, 5, 3, 2),3,20122121120021220
1186,(1, 4, 0, 5, 3, 2),4,22010001021022010
1187,(1, 4, 0, 5, 3, 2),5,20111000200200202
1188,(1, 4, 2, 0, 3, 5),0,00022022022022022
1189,(1, 4, 2, 0, 3, 5),1,21221221022022122
1190,(1, 4, 2, 0, 3, 5),2,01202101210201202
1191,(1, 4, 2, 0, 3, 5),3,22212212021102212
1192,(1, 4, 2, 0, 3, 5),4,20002100020200000
1193,(1, 4, 2, 0, 3, 5),5,21021022022021220
1194,(1, 4, 2, 0, 5, 3),0,01122121121121121
1195,(1, 4, 2, 0, 5, 3),1,20221222102120222
1196,(1, 4, 2, 0, 5, 3),2,00011100020110011
1197,(1, 4, 2, 0, 5, 3),3,22022220202021112
1198,(1, 4, 2, 0, 5, 3),4,10001200010100000
1199,(1, 4, 2, 0, 5, 3),5,21220120212120220
1200,(1, 4, 2, 3, 0, 5),0,02020010111222020
1201,(1, 4, 2, 3, 0, 5),1,22020122012222020
1202,(1, 4, 2, 3, 0, 5),2,02120112100002120
1203,(1, 4, 2, 3, 0, 5),3,22022022022022022
1204,(1, 4, 2, 3, 0, 5),4,02100022121112100
1205,(1, 4, 2, 3, 0, 5),5,21120022122121222
1206,(1, 4, 2, 3, 5, 0),0,02120001121222120
1207,(1, 4, 2, 3, 5, 0),1,22122220102222021
1208,(1, 4, 2, 3, 5, 0),2,02120112100002120
1209,(1, 4, 2, 3, 5, 0),3,22022022022022022
1210,(1, 4, 2, 3, 5, 0),4,01200011212221200
1211,(1, 4, 2, 3, 5, 0),5,21222020102222021
1212,(1, 4, 2, 5, 0, 3),0,01220221120112121
1213,(1, 4, 2, 5, 0, 3),1,20121020012020021
1214,(1, 4, 2, 5, 0, 3),2,02220210022122101
1215,(1, 4, 2, 5, 0, 3),3,22020222111020202
1216,(1, 4, 2, 5, 0, 3),4,12220002212010022
1217,(1, 4, 2, 5, 0, 3),5,21201221201221201
1218,(1, 4, 2, 5, 3, 0),0,00212210021011120
1219,(1, 4, 2, 5, 3, 0),1,21220021002120021
1220,(1, 4, 2, 5, 3, 0),2,02011222210201202
1221,(1, 4, 2, 5, 3, 0),3,22021022202210221
1222,(1, 4, 2, 5, 3, 0),4,21110001121020011
1223,(1, 4, 2, 5, 3, 0),5,22221201201201201
1224,(1, 4, 3, 0, 2, 5),0,02022220112021200
1225,(1, 4, 3, 0, 2, 5),1,22020222212220221
1226,(1, 4, 3, 0, 2, 5),2,00000211102010000
1227,(1, 4, 3, 0, 2, 5),3,21022122222122121
1228,(1, 4, 3, 0, 2, 5),4,02121120221110211
1229,(1, 4, 3, 0, 2, 5),5,22221120212122221
1230,(1, 4, 3, 0, 5, 2),0,02121221011222012
1231,(1, 4, 3, 0, 5, 2),1,22121221012221021
1232,(1, 4, 3, 0, 5, 2),2,00200221011222012
1233,(1, 4, 3, 0, 5, 2),3,21021020222121021
1234,(1, 4, 3, 0, 5, 2),4,01212210112220122
1235,(1, 4, 3, 0, 5, 2),5,22021221122020220
1236,(1, 4, 3, 2, 0, 5),0,02020010111222020
1237,(1, 4, 3, 2, 0, 5),1,22020122012222020
1238,(1, 4, 3, 2, 0, 5),2,01210221200001210
1239,(1, 4, 3, 2, 0, 5),3,22120221022022120
1240,(1, 4, 3, 2, 0, 5),4,02100022121112100
1241,(1, 4, 3, 2, 0, 5),5,21120022122121222
1242,(1, 4, 3, 2, 5, 0),0,02120001121222120
1243,(1, 4, 3, 2, 5, 0),1,22122220102222021
1244,(1, 4, 3, 2, 5, 0),2,01210221200001210
1245,(1, 4, 3, 2, 5, 0),3,22120221022022120
1246,(1, 4, 3, 2, 5, 0),4,01200011212221200
1247,(1, 4, 3, 2, 5, 0),5,21222020102222021
1248,(1, 4, 3, 5, 0, 2),0,02101221022010212
1249,(1, 4, 3, 5, 0, 2),1,22121020022120022
1250,(1, 4, 3, 5, 0, 2),2,00212120112201122
1251,(1, 4, 3, 5, 0, 2),3,21220122222121220
1252,(1, 4, 3, 5, 0, 2),4,01102210121112201
1253,(1, 4, 3, 5, 0, 2),5,21112211222222122
1254,(1, 4, 3, 5, 2, 0),0,02011120100102011
1255,(1, 4, 3, 5, 2, 0),1,22021221122020222
1256,(1, 4, 3, 5, 2, 0),2,00201000011010120
1257,(1, 4, 3, 5, 2, 0),3,21220121012221121
1258,(1, 4, 3, 5, 2, 0),4,02201120212221102
1259,(1, 4, 3, 5, 2, 0),5,21202120022222122
1260,(1, 4, 5, 0, 2, 3),0,01101112200201222
1261,(1, 4, 5, 0, 2, 3),1,20222220212122222
1262,(1, 4, 5, 0, 2, 3),2,01211100110020110
1263,(1, 4, 5, 0, 2, 3),3,20220122122110021
1264,(1, 4, 5, 0, 2, 3),4,10200210001010200
1265,(1, 4, 5, 0, 2, 3),5,22010121021022010
1266,(1, 4, 5, 0, 3, 2),0,00010122211210022
1267,(1, 4, 5, 0, 3, 2),1,21222021002021020
1268,(1, 4, 5, 0, 3, 2),2,02211121210111112
1269,(1, 4, 5, 0, 3, 2),3,20121020122020121
1270,(1, 4, 5, 0, 3, 2),4,20100120002020100
1271,(1, 4, 5, 0, 3, 2),5,21210212012012010
1272,(1, 4, 5, 2, 0, 3),0,01201010220021121
1273,(1, 4, 5, 2, 0, 3),1,20122222022220221
1274,(1, 4, 5, 2, 0, 3),2,01110120011211202
1275,(1, 4, 5, 2, 0, 3),3,22110222021102102
1276,(1, 4, 5, 2, 0, 3),4,12101122120102101
1277,(1, 4, 5, 2, 0, 3),5,21122201220220112
1278,(1, 4, 5, 2, 3, 0),0,00202102001120020
1279,(1, 4, 5, 2, 3, 0),1,21220221002021120
1280,(1, 4, 5, 2, 3, 0),2,01022111120102101
1281,(1, 4, 5, 2, 3, 0),3,22102022202202022
1282,(1, 4, 5, 2, 3, 0),4,21202211210201202
1283,(1, 4, 5, 2, 3, 0),5,22002120212221012
1284,(1, 4, 5, 3, 0, 2),0,02110102222011000
1285,(1, 4, 5, 3, 0, 2),1,22120221002122222
1286,(1, 4, 5, 3, 0, 2),2,00121210221102211
1287,(1, 4, 5, 3, 0, 2),3,21121122112221021
1288,(1, 4, 5, 3, 0, 2),4,01002200112220002
1289,(1, 4, 5, 3, 0, 2),5,20112121222220112
1290,(1, 4, 5, 3, 2, 0),0,02001020022101001
1291,(1, 4, 5, 3, 2, 0),1,22020122212021122
1292,(1, 4, 5, 3, 2, 0),2,00102000022020210
1293,(1, 4, 5, 3, 2, 0),3,21121021012021021
1294,(1, 4, 5, 3, 2, 0),4,02001100221110001
1295,(1, 4, 5, 3, 2, 0),5,20122212022222202
1296,(1, 5, 0, 2, 3, 4),0,00002000202121022
1297,(1, 5, 0, 2, 3, 4),1,21220222002021220
1298,(1, 5, 0, 2, 3, 4),2,02101202120102101
1299,(1, 5, 0, 2, 3, 4),3,22202120202212110
1300,(1, 5, 0, 2, 3, 4),4,21000120112021200
1301,(1, 5, 0, 2, 3, 4),5,20220221020202210
1302,(1, 5, 0, 2, 4, 3),0,00210120001121000
1303,(1, 5, 0, 2, 4, 3),1,21120021102120220
1304,(1, 5, 0, 2, 4, 3),2,02001221120002120
1305,(1, 5, 0, 2, 4, 3),3,22212102212102212
1306,(1, 5, 0, 2, 4, 3),4,12000210221012100
1307,(1, 5, 0, 2, 4, 3),5,21121022021022111
1308,(1, 5, 0, 3, 2, 4),0,00111012020101202
1309,(1, 5, 0, 3, 2, 4),1,21020221102020122
1310,(1, 5, 0, 3, 2, 4),2,01202222011212202
1311,(1, 5, 0, 3, 2, 4),3,22122122222120222
1312,(1, 5, 0, 3, 2, 4),4,00222102001010222
1313,(1, 5, 0, 3, 2, 4),5,22122211021110222
1314,(1, 5, 0, 3, 4, 2),0,00120120001010000
1315,(1, 5, 0, 3, 4, 2),1,21020021122021120
1316,(1, 5, 0, 3, 4, 2),2,01212212212212212
1317,(1, 5, 0, 3, 4, 2),3,22122220222122021
1318,(1, 5, 0, 3, 4, 2),4,00111201002020111
1319,(1, 5, 0, 3, 4, 2),5,22022221111020222
1320,(1, 5, 0, 4, 2, 3),0,00120010221010120
1321,(1, 5, 0, 4, 2, 3),1,21220221222021220
1322,(1, 5, 0, 4, 2, 3),2,02010100010002010
1323,(1, 5, 0, 4, 2, 3),3,22122020202021011
1324,(1, 5, 0, 4, 2, 3),4,10222000001200011
1325,(1, 5, 0, 4, 2, 3),5,22011201220201211
1326,(1, 5, 0, 4, 3, 2),0,00201022111120201
1327,(1, 5, 0, 4, 3, 2),1,21021022112022121
1328,(1, 5, 0, 4, 3, 2),2,01121112121101121
1329,(1, 5, 0, 4, 3, 2),3,22021211201002212
1330,(1, 5, 0, 4, 3, 2),4,20111000002100022
1331,(1, 5, 0, 4, 3, 2),5,21210001021021210
1332,(1, 5, 2, 0, 3, 4),0,00001201201201201
1333,(1, 5, 2, 0, 3, 4),1,21222122002221021
1334,(1, 5, 2, 0, 3, 4),2,01202101210201202
1335,(1, 5, 2, 0, 3, 4),3,22211120212022020
1336,(1, 5, 2, 0, 3, 4),4,21010110222220212
1337,(1, 5, 2, 0, 3, 4),5,20220222111112022
1338,(1, 5, 2, 0, 4, 3),0,00200011101121011
1339,(1, 5, 2, 0, 4, 3),1,21122121112020122
1340,(1, 5, 2, 0, 4, 3),2,01002112210001210
1341,(1, 5, 2, 0, 4, 3),3,22202202202202202
1342,(1, 5, 2, 0, 4, 3),4,12020220111110121
1343,(1, 5, 2, 0, 4, 3),5,21202212021022120
1344,(1, 5, 2, 3, 0, 4),0,00112101110120112
1345,(1, 5, 2, 3, 0, 4),1,21022121012121022
1346,(1, 5, 2, 3, 0, 4),2,02120112100002120
1347,(1, 5, 2, 3, 0, 4),3,22022022022022022
1348,(1, 5, 2, 3, 0, 4),4,02210022201112210
1349,(1, 5, 2, 3, 0, 4),5,22102202122220212
1350,(1, 5, 2, 3, 4, 0),0,00120120120120120
1351,(1, 5, 2, 3, 4, 0),1,21022122012021222
1352,(1, 5, 2, 3, 4, 0),2,02120112100002120
1353,(1, 5, 2, 3, 4, 0),3,22022022022022022
1354,(1, 5, 2, 3, 4, 0),4,01120011102221120
1355,(1, 5, 2, 3, 4, 0),5,22022020222220202
1356,(1, 5, 2, 4, 0, 3),0,00201020121210201
1357,(1, 5, 2, 4, 0, 3),1,21220120012022121
1358,(1, 5, 2, 4, 0, 3),2,00210112000021022
1359,(1, 5, 2, 4, 0, 3),3,22211221022021102
1360,(1, 5, 2, 4, 0, 3),4,11112102102102102
1361,(1, 5, 2, 4, 0, 3),5,21212201122221212
1362,(1, 5, 2, 4, 3, 0),0,00201020121210201
1363,(1, 5, 2, 4, 3, 0),1,21220120012022121
1364,(1, 5, 2, 4, 3, 0),2,02102101210201202
1365,(1, 5, 2, 4, 3, 0),3,22211221022021102
1366,(1, 5, 2, 4, 3, 0),4,22221201201201201
1367,(1, 5, 2, 4, 3, 0),5,21212201122221212
1368,(1, 5, 3, 0, 2, 4),0,00111012020101202
1369,(1, 5, 3, 0, 2, 4),1,21020221102020122
1370,(1, 5, 3, 0, 2, 4),2,02101111022121101
1371,(1, 5, 3, 0, 2, 4),3,22122122222120222
1372,(1, 5, 3, 0, 2, 4),4,01102212210110001
1373,(1, 5, 3, 0, 2, 4),5,22122211021110222
1374,(1, 5, 3, 0, 4, 2),0,00120120001010000
1375,(1, 5, 3, 0, 4, 2),1,21020021122021120
1376,(1, 5, 3, 0, 4, 2),2,02121121121121121
1377,(1, 5, 3, 0, 4, 2),3,22122220222122021
1378,(1, 5, 3, 0, 4, 2),4,02201121120220002
1379,(1, 5, 3, 0, 4, 2),5,22022221111020222
1380,(1, 5, 3, 2, 0, 4),0,00112101110120112
1381,(1, 5, 3, 2, 0, 4),1,21022121012121022
1382,(1, 5, 3, 2, 0, 4),2,01210221200001210
1383,(1, 5, 3, 2, 0, 4),3,22120221022022120
1384,(1, 5, 3, 2, 0, 4),4,02210022201112210
1385,(1, 5, 3, 2, 0, 4),5,22102202122220212
1386,(1, 5, 3, 2, 4, 0),0,00120120120120120
1387,(1, 5, 3, 2, 4, 0),1,21022122012021222
1388,(1, 5, 3, 2, 4, 0),2,01210221200001210
1389,(1, 5, 3, 2, 4, 0),3,22120221022022120
1390,(1, 5, 3, 2, 4, 0),4,01120011102221120
1391,(1, 5, 3, 2, 4, 0),5,22022020222220202
1392,(1, 5, 3, 4, 0, 2),0,00201000011010120
1393,(1, 5, 3, 4, 0, 2),1,21220121012221121
1394,(1, 5, 3, 4, 0, 2),2,02011120100102011
1395,(1, 5, 3, 4, 0, 2),3,22021221122020222
1396,(1, 5, 3, 4, 0, 2),4,02201120212221102
1397,(1, 5, 3, 4, 0, 2),5,21202120022222122
1398,(1, 5, 3, 4, 2, 0),0,00212120112201122
1399,(1, 5, 3, 4, 2, 0),1,21220122222121220
1400,(1, 5, 3, 4, 2, 0),2,02101221022010212
1401,(1, 5, 3, 4, 2, 0),3,22121020022120022
1402,(1, 5, 3, 4, 2, 0),4,01102210121112201
1403,(1, 5, 3, 4, 2, 0),5,21112211222222122
1404,(1, 5, 4, 0, 2, 3),0,00111110111021111
1405,(1, 5, 4, 0, 2, 3),1,21122021112021120
1406,(1, 5, 4, 0, 2, 3),2,01020200020001020
1407,(1, 5, 4, 0, 2, 3),3,22111202222202111
1408,(1, 5, 4, 0, 2, 3),4,12010100020020020
1409,(1, 5, 4, 0, 2, 3),5,22102112102100102
1410,(1, 5, 4, 0, 3, 2),0,00010220012222110
1411,(1, 5, 4, 0, 3, 2),1,21022020202121022
1412,(1, 5, 4, 0, 3, 2),2,02212221212202212
1413,(1, 5, 4, 0, 3, 2),3,22020202020212020
1414,(1, 5, 4, 0, 3, 2),4,21020200010010010
1415,(1, 5, 4, 0, 3, 2),5,20122212111112122
1416,(1, 5, 4, 2, 0, 3),0,00212112121210212
1417,(1, 5, 4, 2, 0, 3),1,21220121222120022
1418,(1, 5, 4, 2, 0, 3),2,00120221000012011
1419,(1, 5, 4, 2, 0, 3),3,22202221112111021
1420,(1, 5, 4, 2, 0, 3),4,11002120112102021
1421,(1, 5, 4, 2, 0, 3),5,21122201122221012
1422,(1, 5, 4, 2, 3, 0),0,00212112121210212
1423,(1, 5, 4, 2, 3, 0),1,21220121222120022
1424,(1, 5, 4, 2, 3, 0),2,01201202120102101
1425,(1, 5, 4, 2, 3, 0),3,22202221112111021
1426,(1, 5, 4, 2, 3, 0),4,22001210221201012
1427,(1, 5, 4, 2, 3, 0),5,21122201122221012
1428,(1, 5, 4, 3, 0, 2),0,00012201001222210
1429,(1, 5, 4, 3, 0, 2),1,21121122112221021
1430,(1, 5, 4, 3, 0, 2),2,01022210200201022
1431,(1, 5, 4, 3, 0, 2),3,22120221002122222
1432,(1, 5, 4, 3, 0, 2),4,01002200112220002
1433,(1, 5, 4, 3, 0, 2),5,20112121222220112
1434,(1, 5, 4, 3, 2, 0),0,00012201012000120
1435,(1, 5, 4, 3, 2, 0),1,21121021012021021
1436,(1, 5, 4, 3, 2, 0),2,01202112011020121
1437,(1, 5, 4, 3, 2, 0),3,22020122212021122
1438,(1, 5, 4, 3, 2, 0),4,02001100221110001
1439,(1, 5, 4, 3, 2, 0),5,20122212022222202
1440,(2, 0, 1, 3, 4, 5),0,01021120001122011
1441,(2, 0, 1, 3, 4, 5),1,22210220212222021
1442,(2, 0, 1, 3, 4, 5),2,20100022202102212
1443,(2, 0, 1, 3, 4, 5),3,21120120012021120
1444,(2, 0, 1, 3, 4, 5),4,02120112100002120
1445,(2, 0, 1, 3, 4, 5),5,22022022022022022
1446,(2, 0, 1, 3, 5, 4),0,01021120001122011
1447,(2, 0, 1, 3, 5, 4),1,22210220212222021
1448,(2, 0, 1, 3, 5, 4),2,20100022202102212
1449,(2, 0, 1, 3, 5, 4),3,21120120012021120
1450,(2, 0, 1, 3, 5, 4),4,01210221200001210
1451,(2, 0, 1, 3, 5, 4),5,22120221022022120
1452,(2, 0, 1, 4, 3, 5),0,01012011002212220
1453,(2, 0, 1, 4, 3, 5),1,22220202222021121
1454,(2, 0, 1, 4, 3, 5),2,20011122112120011
1455,(2, 0, 1, 4, 3, 5),3,22212201122222212
1456,(2, 0, 1, 4, 3, 5),4,22021212121201212
1457,(2, 0, 1, 4, 3, 5),5,22222022202122220
1458,(2, 0, 1, 4, 5, 3),0,01101202120102101
1459,(2, 0, 1, 4, 5, 3),1,22222121112111021
1460,(2, 0, 1, 4, 5, 3),2,21012010221201012
1461,(2, 0, 1, 4, 5, 3),3,22201200102222201
1462,(2, 0, 1, 4, 5, 3),4,11012121212102121
1463,(2, 0, 1, 4, 5, 3),5,20022220012021220
1464,(2, 0, 1, 5, 3, 4),0,01020002120102101
1465,(2, 0, 1, 5, 3, 4),1,22210202121220222
1466,(2, 0, 1, 5, 3, 4),2,20221202000120221
1467,(2, 0, 1, 5, 3, 4),3,20011200121122011
1468,(2, 0, 1, 5, 3, 4),4,22101202120102101
1469,(2, 0, 1, 5, 3, 4),5,21102212202210212
1470,(2, 0, 1, 5, 4, 3),0,01001202120102101
1471,(2, 0, 1, 5, 4, 3),1,22202022221102221
1472,(2, 0, 1, 5, 4, 3),2,20221111111000221
1473,(2, 0, 1, 5, 4, 3),3,20022022022022022
1474,(2, 0, 1, 5, 4, 3),4,11202101210201202
1475,(2, 0, 1, 5, 4, 3),5,20202202220220202
1476,(2, 0, 3, 1, 4, 5),0,00021022201112210
1477,(2, 0, 3, 1, 4, 5),1,22210220212222021
1478,(2, 0, 3, 1, 4, 5),2,10200011101201121
1479,(2, 0, 3, 1, 4, 5),3,21120120012021120
1480,(2, 0, 3, 1, 4, 5),4,02120112100002120
1481,(2, 0, 3, 1, 4, 5),5,22022022022022022
1482,(2, 0, 3, 1, 5, 4),0,00021022201112210
1483,(2, 0, 3, 1, 5, 4),1,22210220212222021
1484,(2, 0, 3, 1, 5, 4),2,10200011101201121
1485,(2, 0, 3, 1, 5, 4),3,21120120012021120
1486,(2, 0, 3, 1, 5, 4),4,01210221200001210
1487,(2, 0, 3, 1, 5, 4),5,22120221022022120
1488,(2, 0, 3, 4, 1, 5),0,02101202120102101
1489,(2, 0, 3, 4, 1, 5),1,22221220220211120
1490,(2, 0, 3, 4, 1, 5),2,00011220100022011
1491,(2, 0, 3, 4, 1, 5),3,21221222012221220
1492,(2, 0, 3, 4, 1, 5),4,20222021010202101
1493,(2, 0, 3, 4, 1, 5),5,21022120212021021
1494,(2, 0, 3, 4, 5, 1),0,02211210210110221
1495,(2, 0, 3, 4, 5, 1),1,22210222202102021
1496,(2, 0, 3, 4, 5, 1),2,01100221022121101
1497,(2, 0, 3, 4, 5, 1),3,20222221212220121
1498,(2, 0, 3, 4, 5, 1),4,10111012020101202
1499,(2, 0, 3, 4, 5, 1),5,21022121212021220
1500,(2, 0, 3, 5, 1, 4),0,02101202120102101
1501,(2, 0, 3, 5, 1, 4),1,22220212020221211
1502,(2, 0, 3, 5, 1, 4),2,00002000202121022
1503,(2, 0, 3, 5, 1, 4),3,21220020212121120
1504,(2, 0, 3, 5, 1, 4),4,21021122022012022
1505,(2, 0, 3, 5, 1, 4),5,20212112021111202
1506,(2, 0, 3, 5, 4, 1),0,02120210221000221
1507,(2, 0, 3, 5, 4, 1),1,22221210221210221
1508,(2, 0, 3, 5, 4, 1),2,00210120001121000
1509,(2, 0, 3, 5, 4, 1),3,21120222002221220
1510,(2, 0, 3, 5, 4, 1),4,12012211011021011
1511,(2, 0, 3, 5, 4, 1),5,21022022111021202
1512,(2, 0, 4, 1, 3, 5),0,00001110020021022
1513,(2, 0, 4, 1, 3, 5),1,22220202222021121
1514,(2, 0, 4, 1, 3, 5),2,10022211221210022
1515,(2, 0, 4, 1, 3, 5),3,22212201122222212
1516,(2, 0, 4, 1, 3, 5),4,22021212121201212
1517,(2, 0, 4, 1, 3, 5),5,22222022202122220
1518,(2, 0, 4, 1, 5, 3),0,00220022002121012
1519,(2, 0, 4, 1, 5, 3),1,22222121112111021
1520,(2, 0, 4, 1, 5, 3),2,12021020112102021
1521,(2, 0, 4, 1, 5, 3),3,22201200102222201
1522,(2, 0, 4, 1, 5, 3),4,11012121212102121
1523,(2, 0, 4, 1, 5, 3),5,20022220012021220
1524,(2, 0, 4, 3, 1, 5),0,02101202120102101
1525,(2, 0, 4, 3, 1, 5),1,22221220220211120
1526,(2, 0, 4, 3, 1, 5),2,00022110200011022
1527,(2, 0, 4, 3, 1, 5),3,21221222012221220
1528,(2, 0, 4, 3, 1, 5),4,20222021010202101
1529,(2, 0, 4, 3, 1, 5),5,21022120212021021
1530,(2, 0, 4, 3, 5, 1),0,02022001221122002
1531,(2, 0, 4, 3, 5, 1),1,22210222202102021
1532,(2, 0, 4, 3, 5, 1),2,02200112011212202
1533,(2, 0, 4, 3, 5, 1),3,20222221212220121
1534,(2, 0, 4, 3, 5, 1),4,10111012020101202
1535,(2, 0, 4, 3, 5, 1),5,21022121212021220
1536,(2, 0, 4, 5, 1, 3),0,02101202120102101
1537,(2, 0, 4, 5, 1, 3),1,22222022212022202
1538,(2, 0, 4, 5, 1, 3),2,00010100100010010
1539,(2, 0, 4, 5, 1, 3),3,20020200020020020
1540,(2, 0, 4, 5, 1, 3),4,00021101211201202
1541,(2, 0, 4, 5, 1, 3),5,00012110101202121
1542,(2, 0, 4, 5, 3, 1),0,02101202120102101
1543,(2, 0, 4, 5, 3, 1),1,22222022220222022
1544,(2, 0, 4, 5, 3, 1),2,00002211002121100
1545,(2, 0, 4, 5, 3, 1),3,21120211121122122
1546,(2, 0, 4, 5, 3, 1),4,00012202122102101
1547,(2, 0, 4, 5, 3, 1),5,00011021220201011
1548,(2, 0, 5, 1, 3, 4),0,00001202120102101
1549,(2, 0, 5, 1, 3, 4),1,22210202121220222
1550,(2, 0, 5, 1, 3, 4),2,10112101000210112
1551,(2, 0, 5, 1, 3, 4),3,20011200121122011
1552,(2, 0, 5, 1, 3, 4),4,22101202120102101
1553,(2, 0, 5, 1, 3, 4),5,21102212202210212
1554,(2, 0, 5, 1, 4, 3),0,00012002120102101
1555,(2, 0, 5, 1, 4, 3),1,22202022221102221
1556,(2, 0, 5, 1, 4, 3),2,10112222222000112
1557,(2, 0, 5, 1, 4, 3),3,20022022022022022
1558,(2, 0, 5, 1, 4, 3),4,11202101210201202
1559,(2, 0, 5, 1, 4, 3),5,20202202220220202
1560,(2, 0, 5, 3, 1, 4),0,02101202120102101
1561,(2, 0, 5, 3, 1, 4),1,22220212020221211
1562,(2, 0, 5, 3, 1, 4),2,00001000101212011
1563,(2, 0, 5, 3, 1, 4),3,21220020212121120
1564,(2, 0, 5, 3, 1, 4),4,21021122022012022
1565,(2, 0, 5, 3, 1, 4),5,20212112021111202
1566,(2, 0, 5, 3, 4, 1),0,02112202200012022
1567,(2, 0, 5, 3, 4, 1),1,22221210221210221
1568,(2, 0, 5, 3, 4, 1),2,00120210002212000
1569,(2, 0, 5, 3, 4, 1),3,21120222002221220
1570,(2, 0, 5, 3, 4, 1),4,12012211011021011
1571,(2, 0, 5, 3, 4, 1),5,21022022111021202
1572,(2, 0, 5, 4, 1, 3),0,02101202120102101
1573,(2, 0, 5, 4, 1, 3),1,22222022212022202
1574,(2, 0, 5, 4, 1, 3),2,00020200200020020
1575,(2, 0, 5, 4, 1, 3),3,20020200020020020
1576,(2, 0, 5, 4, 1, 3),4,00021101211201202
1577,(2, 0, 5, 4, 1, 3),5,00012110101202121
1578,(2, 0, 5, 4, 3, 1),0,02101202120102101
1579,(2, 0, 5, 4, 3, 1),1,22222022220222022
1580,(2, 0, 5, 4, 3, 1),2,00001122001212200
1581,(2, 0, 5, 4, 3, 1),3,21120211121122122
1582,(2, 0, 5, 4, 3, 1),4,00012202122102101
1583,(2, 0, 5, 4, 3, 1),5,00011021220201011
1584,(2, 1, 0, 3, 4, 5),0,01010020222111010
1585,(2, 1, 0, 3, 4, 5),1,22220120002022020
1586,(2, 1, 0, 3, 4, 5),2,00100202221110100
1587,(2, 1, 0, 3, 4, 5),3,20122122202022020
1588,(2, 1, 0, 3, 4, 5),4,02120112100002120
1589,(2, 1, 0, 3, 4, 5),5,22022022022022022
1590,(2, 1, 0, 3, 5, 4),0,01010020222111010
1591,(2, 1, 0, 3, 5, 4),1,22220120002022020
1592,(2, 1, 0, 3, 5, 4),2,00100202221110100
1593,(2, 1, 0, 3, 5, 4),3,20122122202022020
1594,(2, 1, 0, 3, 5, 4),4,01210221200001210
1595,(2, 1, 0, 3, 5, 4),5,22120221022022120
1596,(2, 1, 0, 4, 3, 5),0,01002110011022000
1597,(2, 1, 0, 4, 3, 5),1,22220221122020222
1598,(2, 1, 0, 4, 3, 5),2,00011020212221102
1599,(2, 1, 0, 4, 3, 5),3,22010221012222120
1600,(2, 1, 0, 4, 3, 5),4,21211020210002100
1601,(2, 1, 0, 4, 3, 5),5,20021121112020020
1602,(2, 1, 0, 4, 5, 3),0,01112122011020121
1603,(2, 1, 0, 4, 5, 3),1,22121022102021122
1604,(2, 1, 0, 4, 5, 3),2,01012211020201012
1605,(2, 1, 0, 4, 5, 3),3,22120200012222000
1606,(2, 1, 0, 4, 5, 3),4,12122010120001200
1607,(2, 1, 0, 4, 5, 3),5,22220121012021021
1608,(2, 1, 0, 5, 3, 4),0,01010202220012212
1609,(2, 1, 0, 5, 3, 4),1,22220020212120122
1610,(2, 1, 0, 5, 3, 4),2,00221121012221101
1611,(2, 1, 0, 5, 3, 4),3,21201220121122120
1612,(2, 1, 0, 5, 3, 4),4,20022112102020020
1613,(2, 1, 0, 5, 3, 4),5,22020211120220222
1614,(2, 1, 0, 5, 4, 3),0,01022002210221212
1615,(2, 1, 0, 5, 4, 3),1,22220021022122220
1616,(2, 1, 0, 5, 4, 3),2,00221021112011001
1617,(2, 1, 0, 5, 4, 3),3,21220020020020020
1618,(2, 1, 0, 5, 4, 3),4,10011221201010010
1619,(2, 1, 0, 5, 4, 3),5,22021110221202212
1620,(2, 1, 3, 0, 4, 5),0,01210002212111210
1621,(2, 1, 3, 0, 4, 5),1,22222122122121222
1622,(2, 1, 3, 0, 4, 5),2,00200101112220200
1623,(2, 1, 3, 0, 4, 5),3,20122122012222020
1624,(2, 1, 3, 0, 4, 5),4,02120112100002120
1625,(2, 1, 3, 0, 4, 5),5,22022022022022022
1626,(2, 1, 3, 0, 5, 4),0,01210002212111210
1627,(2, 1, 3, 0, 5, 4),1,22222122122121222
1628,(2, 1, 3, 0, 5, 4),2,00200101112220200
1629,(2, 1, 3, 0, 5, 4),3,20122122012222020
1630,(2, 1, 3, 0, 5, 4),4,01210221200001210
1631,(2, 1, 3, 0, 5, 4),5,22120221022022120
1632,(2, 1, 3, 4, 0, 5),0,01000012220102000
1633,(2, 1, 3, 4, 0, 5),1,22020122002220222
1634,(2, 1, 3, 4, 0, 5),2,02211200010210011
1635,(2, 1, 3, 4, 0, 5),3,22021121012121222
1636,(2, 1, 3, 4, 0, 5),4,02100110221012100
1637,(2, 1, 3, 4, 0, 5),5,20220021202120122
1638,(2, 1, 3, 4, 5, 0),0,01010011202211102
1639,(2, 1, 3, 4, 5, 0),1,22020120022020221
1640,(2, 1, 3, 4, 5, 0),2,02200211102010000
1641,(2, 1, 3, 4, 5, 0),3,22121021022220122
1642,(2, 1, 3, 4, 5, 0),4,01200220112021200
1643,(2, 1, 3, 4, 5, 0),5,20221220002122122
1644,(2, 1, 3, 5, 0, 4),0,01120222201121220
1645,(2, 1, 3, 5, 0, 4),1,22221222102121221
1646,(2, 1, 3, 5, 0, 4),2,00111012020101202
1647,(2, 1, 3, 5, 0, 4),3,21020022012021120
1648,(2, 1, 3, 5, 0, 4),4,00210001221122002
1649,(2, 1, 3, 5, 0, 4),5,22102222021020212
1650,(2, 1, 3, 5, 4, 0),0,01121221221221221
1651,(2, 1, 3, 5, 4, 0),1,22220221212222122
1652,(2, 1, 3, 5, 4, 0),2,00120120001010000
1653,(2, 1, 3, 5, 4, 0),3,21020220012020022
1654,(2, 1, 3, 5, 4, 0),4,00120002112211001
1655,(2, 1, 3, 5, 4, 0),5,22022220202021112
1656,(2, 1, 4, 0, 3, 5),0,01220121211202002
1657,(2, 1, 4, 0, 3, 5),1,22221020022120022
1658,(2, 1, 4, 0, 3, 5),2,00022010121112201
1659,(2, 1, 4, 0, 3, 5),3,22212210002222212
1660,(2, 1, 4, 0, 3, 5),4,21211020021111200
1661,(2, 1, 4, 0, 3, 5),5,20020122222121220
1662,(2, 1, 4, 0, 5, 3),0,01110110200201022
1663,(2, 1, 4, 0, 5, 3),1,22021021202122222
1664,(2, 1, 4, 0, 5, 3),2,02021122010102021
1665,(2, 1, 4, 0, 5, 3),3,22211212122222011
1666,(2, 1, 4, 0, 5, 3),4,12122010012222100
1667,(2, 1, 4, 0, 5, 3),5,22222221012021121
1668,(2, 1, 4, 3, 0, 5),0,01222210002012002
1669,(2, 1, 4, 3, 0, 5),1,22122121112020021
1670,(2, 1, 4, 3, 0, 5),2,01122100020120022
1671,(2, 1, 4, 3, 0, 5),3,22021020022121221
1672,(2, 1, 4, 3, 0, 5),4,02222100020120022
1673,(2, 1, 4, 3, 0, 5),5,20021121012020021
1674,(2, 1, 4, 3, 5, 0),0,01210011022101210
1675,(2, 1, 4, 3, 5, 0),1,22120220212020022
1676,(2, 1, 4, 3, 5, 0),2,01100122201020000
1677,(2, 1, 4, 3, 5, 0),3,22122021002022122
1678,(2, 1, 4, 3, 5, 0),4,01111200010210011
1679,(2, 1, 4, 3, 5, 0),5,20021122102221021
1680,(2, 1, 4, 5, 0, 3),0,01001000000001200
1681,(2, 1, 4, 5, 0, 3),1,22021121212122122
1682,(2, 1, 4, 5, 0, 3),2,02020110010120020
1683,(2, 1, 4, 5, 0, 3),3,22220120012021212
1684,(2, 1, 4, 5, 0, 3),4,10100211201022221
1685,(2, 1, 4, 5, 0, 3),5,22022212221202120
1686,(2, 1, 4, 5, 3, 0),0,01110222110010211
1687,(2, 1, 4, 5, 3, 0),1,22222221022021122
1688,(2, 1, 4, 5, 3, 0),2,00200000200101002
1689,(2, 1, 4, 5, 3, 0),3,22221012101200200
1690,(2, 1, 4, 5, 3, 0),4,20200122102011112
1691,(2, 1, 4, 5, 3, 0),5,20022120020212201
1692,(2, 1, 5, 0, 3, 4),0,01210120212210010
1693,(2, 1, 5, 0, 3, 4),1,22220122202020020
1694,(2, 1, 5, 0, 3, 4),2,00112212021112202
1695,(2, 1, 5, 0, 3, 4),3,21012200022022001
1696,(2, 1, 5, 0, 3, 4),4,20020122102022111
1697,(2, 1, 5, 0, 3, 4),5,22020211210202212
1698,(2, 1, 5, 0, 4, 3),0,01202000012022210
1699,(2, 1, 5, 0, 4, 3),1,22220121012021222
1700,(2, 1, 5, 0, 4, 3),2,00112012221022002
1701,(2, 1, 5, 0, 4, 3),3,21020022022022022
1702,(2, 1, 5, 0, 4, 3),4,10010211201011222
1703,(2, 1, 5, 0, 4, 3),5,22021110220210222
1704,(2, 1, 5, 3, 0, 4),0,01102212020001102
1705,(2, 1, 5, 3, 0, 4),1,22220121202120221
1706,(2, 1, 5, 3, 0, 4),2,00222021010202101
1707,(2, 1, 5, 3, 0, 4),3,21021021122221220
1708,(2, 1, 5, 3, 0, 4),4,00211020002102101
1709,(2, 1, 5, 3, 0, 4),5,22212202202111202
1710,(2, 1, 5, 3, 4, 0),0,01101101101101101
1711,(2, 1, 5, 3, 4, 0),1,22221220212021222
1712,(2, 1, 5, 3, 4, 0),2,00210210002020000
1713,(2, 1, 5, 3, 4, 0),3,21020221212221022
1714,(2, 1, 5, 3, 4, 0),4,00122010001201202
1715,(2, 1, 5, 3, 4, 0),5,22212212021102212
1716,(2, 1, 5, 4, 0, 3),0,01221222222221021
1717,(2, 1, 5, 4, 0, 3),1,22122122222220220
1718,(2, 1, 5, 4, 0, 3),2,01010220020210010
1719,(2, 1, 5, 4, 0, 3),3,22212220212212212
1720,(2, 1, 5, 4, 0, 3),4,10010000100000122
1721,(2, 1, 5, 4, 0, 3),5,22000212202202000
1722,(2, 1, 5, 4, 3, 0),0,01112021112212001
1723,(2, 1, 5, 4, 3, 0),1,22222220102121022
1724,(2, 1, 5, 4, 3, 0),2,00100000100202001
1725,(2, 1, 5, 4, 3, 0),3,22202012102101120
1726,(2, 1, 5, 4, 3, 0),4,20020000200000211
1727,(2, 1, 5, 4, 3, 0),5,20200121220200200
1728,(2, 3, 0, 1, 4, 5),0,02002020202001101
1729,(2, 3, 0, 1, 4, 5),1,22210102210211010
1730,(2, 3, 0, 1, 4, 5),2,11010102020011010
1731,(2, 3, 0, 1, 4, 5),3,22101022102110101
1732,(2, 3, 0, 1, 4, 5),4,02120112100002120
1733,(2, 3, 0, 1, 4, 5),5,22022022022022022
1734,(2, 3, 0, 1, 5, 4),0,02002020202001101
1735,(2, 3, 0, 1, 5, 4),1,22210102210211010
1736,(2, 3, 0, 1, 5, 4),2,11010102020011010
1737,(2, 3, 0, 1, 5, 4),3,22101022102110101
1738,(2, 3, 0, 1, 5, 4),4,01210221200001210
1739,(2, 3, 0, 1, 5, 4),5,22120221022022120
1740,(2, 3, 0, 4, 1, 5),0,01100000201201100
1741,(2, 3, 0, 4, 1, 5),1,22120100010210212
1742,(2, 3, 0, 4, 1, 5),2,00022011110112102
1743,(2, 3, 0, 4, 1, 5),3,20212221220212112
1744,(2, 3, 0, 4, 1, 5),4,20222220222012222
1745,(2, 3, 0, 4, 1, 5),5,21121122202022222
1746,(2, 3, 0, 4, 5, 1),0,01000011101201202
1747,(2, 3, 0, 4, 5, 1),1,22101021121021001
1748,(2, 3, 0, 4, 5, 1),2,01002020211221002
1749,(2, 3, 0, 4, 5, 1),3,21202202211021202
1750,(2, 3, 0, 4, 5, 1),4,10111110111021111
1751,(2, 3, 0, 4, 5, 1),5,21022021002022122
1752,(2, 3, 0, 5, 1, 4),0,01102001101200100
1753,(2, 3, 0, 5, 1, 4),1,22112101202111210
1754,(2, 3, 0, 5, 1, 4),2,00121000102210122
1755,(2, 3, 0, 5, 1, 4),3,20212022111201120
1756,(2, 3, 0, 5, 1, 4),4,21221021210111201
1757,(2, 3, 0, 5, 1, 4),5,20212022022020222
1758,(2, 3, 0, 5, 4, 1),0,01100010000100202
1759,(2, 3, 0, 5, 4, 1),1,22111210122111210
1760,(2, 3, 0, 5, 4, 1),2,00220022102220122
1761,(2, 3, 0, 5, 4, 1),3,20021020012020021
1762,(2, 3, 0, 5, 4, 1),4,12112012120222102
1763,(2, 3, 0, 5, 4, 1),5,21022121022021202
1764,(2, 3, 1, 0, 4, 5),0,00022100020022000
1765,(2, 3, 1, 0, 4, 5),1,22202011101122202
1766,(2, 3, 1, 0, 4, 5),2,22020201010022020
1767,(2, 3, 1, 0, 4, 5),3,20111020122220111
1768,(2, 3, 1, 0, 4, 5),4,02120112100002120
1769,(2, 3, 1, 0, 4, 5),5,22022022022022022
1770,(2, 3, 1, 0, 5, 4),0,00022100020022000
1771,(2, 3, 1, 0, 5, 4),1,22202011101122202
1772,(2, 3, 1, 0, 5, 4),2,22020201010022020
1773,(2, 3, 1, 0, 5, 4),3,20111020122220111
1774,(2, 3, 1, 0, 5, 4),4,01210221200001210
1775,(2, 3, 1, 0, 5, 4),5,22120221022022120
1776,(2, 3, 1, 4, 0, 5),0,00100220020010100
1777,(2, 3, 1, 4, 0, 5),1,22120220202000200
1778,(2, 3, 1, 4, 0, 5),2,21021222102011112
1779,(2, 3, 1, 4, 0, 5),3,22110112212212122
1780,(2, 3, 1, 4, 0, 5),4,01102221100102111
1781,(2, 3, 1, 4, 0, 5),5,22122221022021122
1782,(2, 3, 1, 4, 5, 0),0,00102002100010102
1783,(2, 3, 1, 4, 5, 0),1,22101012121201101
1784,(2, 3, 1, 4, 5, 0),2,21022021012101101
1785,(2, 3, 1, 4, 5, 0),3,22001212202200202
1786,(2, 3, 1, 4, 5, 0),4,02201112200201222
1787,(2, 3, 1, 4, 5, 0),5,22122022122222220
1788,(2, 3, 1, 5, 0, 4),0,00210002100212110
1789,(2, 3, 1, 5, 0, 4),1,22122211201120122
1790,(2, 3, 1, 5, 0, 4),2,22211212121022211
1791,(2, 3, 1, 5, 0, 4),3,21201201011201201
1792,(2, 3, 1, 5, 0, 4),4,02010021220011201
1793,(2, 3, 1, 5, 0, 4),5,22220222202220222
1794,(2, 3, 1, 5, 4, 0),0,00212112112112112
1795,(2, 3, 1, 5, 4, 0),1,22120211122122120
1796,(2, 3, 1, 5, 4, 0),2,22221210120122012
1797,(2, 3, 1, 5, 4, 0),3,21201200020112000
1798,(2, 3, 1, 5, 4, 0),4,01020012110022102
1799,(2, 3, 1, 5, 4, 0),5,22221122212202222
1800,(2, 3, 4, 0, 1, 5),0,01021002020002012
1801,(2, 3, 4, 0, 1, 5),1,22001222121111121
1802,(2, 3, 4, 0, 1, 5),2,00011022220221201
1803,(2, 3, 4, 0, 1, 5),3,20202112002122202
1804,(2, 3, 4, 0, 1, 5),4,20210020112020210
1805,(2, 3, 4, 0, 1, 5),5,21221120102021221
1806,(2, 3, 4, 0, 5, 1),0,01022100000121021
1807,(2, 3, 4, 0, 5, 1),1,22012112012202012
1808,(2, 3, 4, 0, 5, 1),2,02001010122112001
1809,(2, 3, 4, 0, 5, 1),3,21222022220212202
1810,(2, 3, 4, 0, 5, 1),4,10120010221010120
1811,(2, 3, 4, 0, 5, 1),5,21020221112021222
1812,(2, 3, 4, 1, 0, 5),0,02002011001012002
1813,(2, 3, 4, 1, 0, 5),1,22020120012021212
1814,(2, 3, 4, 1, 0, 5),2,12012111201022221
1815,(2, 3, 4, 1, 0, 5),3,22101212221202120
1816,(2, 3, 4, 1, 0, 5),4,00010000000012002
1817,(2, 3, 4, 1, 0, 5),5,21222222022222122
1818,(2, 3, 4, 1, 5, 0),0,02020200020120110
1819,(2, 3, 4, 1, 5, 0),1,22011102012112011
1820,(2, 3, 4, 1, 5, 0),2,12011012021202202
1821,(2, 3, 4, 1, 5, 0),3,22012202021210201
1822,(2, 3, 4, 1, 5, 0),4,00020000000021001
1823,(2, 3, 4, 1, 5, 0),5,21222021222020021
1824,(2, 3, 4, 5, 0, 1),0,01100211100110001
1825,(2, 3, 4, 5, 0, 1),1,22122102122210120
1826,(2, 3, 4, 5, 0, 1),2,02002111001100012
1827,(2, 3, 4, 5, 0, 1),3,21221021222111201
1828,(2, 3, 4, 5, 0, 1),4,12002111001100012
1829,(2, 3, 4, 5, 0, 1),5,21221021222101201
1830,(2, 3, 4, 5, 1, 0),0,01001010001001001
1831,(2, 3, 4, 5, 1, 0),1,22122221122222112
1832,(2, 3, 4, 5, 1, 0),2,00100110101000100
1833,(2, 3, 4, 5, 1, 0),3,20200020202000200
1834,(2, 3, 4, 5, 1, 0),4,21001222002200021
1835,(2, 3, 4, 5, 1, 0),5,21201122212211201
1836,(2, 3, 5, 0, 1, 4),0,01020001000202000
1837,(2, 3, 5, 0, 1, 4),1,22001220011202001
1838,(2, 3, 5, 0, 1, 4),2,00212000201120211
1839,(2, 3, 5, 0, 1, 4),3,20202102012022112
1840,(2, 3, 5, 0, 1, 4),4,21110222120102101
1841,(2, 3, 5, 0, 1, 4),5,20221211120211120
1842,(2, 3, 5, 0, 4, 1),0,01010101000202012
1843,(2, 3, 5, 0, 4, 1),1,22002002002002002
1844,(2, 3, 5, 0, 4, 1),2,00110011201110211
1845,(2, 3, 5, 0, 4, 1),3,20021212120020021
1846,(2, 3, 5, 0, 4, 1),4,12220111210201202
1847,(2, 3, 5, 0, 4, 1),5,21022202120202120
1848,(2, 3, 5, 1, 0, 4),0,02002010010001001
1849,(2, 3, 5, 1, 0, 4),1,22020200020020020
1850,(2, 3, 5, 1, 0, 4),2,11122121212011122
1851,(2, 3, 5, 1, 0, 4),3,22200122211202121
1852,(2, 3, 5, 1, 0, 4),4,01121202120102101
1853,(2, 3, 5, 1, 0, 4),5,22220222120222022
1854,(2, 3, 5, 1, 4, 0),0,02001002001002001
1855,(2, 3, 5, 1, 4, 0),1,22020200020020020
1856,(2, 3, 5, 1, 4, 0),2,11112120210211021
1857,(2, 3, 5, 1, 4, 0),3,22200202120122201
1858,(2, 3, 5, 1, 4, 0),4,02212101210201202
1859,(2, 3, 5, 1, 4, 0),5,22221202221221022
1860,(2, 3, 5, 4, 0, 1),0,01010011010100010
1861,(2, 3, 5, 4, 0, 1),1,22020002020200020
1862,(2, 3, 5, 4, 0, 1),2,01001222002200021
1863,(2, 3, 5, 4, 0, 1),3,21201122212211201
1864,(2, 3, 5, 4, 0, 1),4,12000101000211000
1865,(2, 3, 5, 4, 0, 1),5,21222211222221122
1866,(2, 3, 5, 4, 1, 0),0,01001010001001001
1867,(2, 3, 5, 4, 1, 0),1,22022220002002002
1868,(2, 3, 5, 4, 1, 0),2,00200220202000200
1869,(2, 3, 5, 4, 1, 0),3,20200020202000200
1870,(2, 3, 5, 4, 1, 0),4,21000202000122000
1871,(2, 3, 5, 4, 1, 0),5,21021221021122021
1872,(2, 4, 0, 1, 3, 5),0,02221002200211121
1873,(2, 4, 0, 1, 3, 5),1,22222220222021122
1874,(2, 4, 0, 1, 3, 5),2,11000200022012000
1875,(2, 4, 0, 1, 3, 5),3,21201000102102121
1876,(2, 4, 0, 1, 3, 5),4,20112202220122222
1877,(2, 4, 0, 1, 3, 5),5,20121121012120220
1878,(2, 4, 0, 1, 5, 3),0,00101010210001020
1879,(2, 4, 0, 1, 5, 3),1,22010120222111202
1880,(2, 4, 0, 1, 5, 3),2,10010200020020020
1881,(2, 4, 0, 1, 5, 3),3,21010211210210010
1882,(2, 4, 0, 1, 5, 3),4,10221101110211111
1883,(2, 4, 0, 1, 5, 3),5,21120021112021120
1884,(2, 4, 0, 3, 1, 5),0,01220112021222110
1885,(2, 4, 0, 3, 1, 5),1,22120212002222212
1886,(2, 4, 0, 3, 1, 5),2,00021100110220002
1887,(2, 4, 0, 3, 1, 5),3,20222121002122121
1888,(2, 4, 0, 3, 1, 5),4,20200212110002100
1889,(2, 4, 0, 3, 1, 5),5,21121121112020020
1890,(2, 4, 0, 3, 5, 1),0,02200110022111000
1891,(2, 4, 0, 3, 5, 1),1,22012221202222220
1892,(2, 4, 0, 3, 5, 1),2,01121220110201212
1893,(2, 4, 0, 3, 5, 1),3,21122220222120020
1894,(2, 4, 0, 3, 5, 1),4,10100121220001200
1895,(2, 4, 0, 3, 5, 1),5,21021121222022120
1896,(2, 4, 0, 5, 1, 3),0,00120210121020120
1897,(2, 4, 0, 5, 1, 3),1,22220211222112101
1898,(2, 4, 0, 5, 1, 3),2,01202101210201202
1899,(2, 4, 0, 5, 1, 3),3,21001200122021001
1900,(2, 4, 0, 5, 1, 3),4,00102101110211111
1901,(2, 4, 0, 5, 1, 3),5,00201201221201222
1902,(2, 4, 0, 5, 3, 1),0,00120210121020120
1903,(2, 4, 0, 5, 3, 1),1,22220200021221200
1904,(2, 4, 0, 5, 3, 1),2,01202101210201202
1905,(2, 4, 0, 5, 3, 1),3,20020200020020020
1906,(2, 4, 0, 5, 3, 1),4,00201202220122222
1907,(2, 4, 0, 5, 3, 1),5,00202112122122202
1908,(2, 4, 1, 0, 3, 5),0,00202020120002010
1909,(2, 4, 1, 0, 3, 5),1,22222020202021011
1910,(2, 4, 1, 0, 3, 5),2,22000100011021000
1911,(2, 4, 1, 0, 3, 5),3,20121120122020121
1912,(2, 4, 1, 0, 3, 5),4,21201100211112201
1913,(2, 4, 1, 0, 3, 5),5,21220221222021220
1914,(2, 4, 1, 0, 5, 3),0,01112001100122212
1915,(2, 4, 1, 0, 5, 3),1,22121011222102222
1916,(2, 4, 1, 0, 5, 3),2,20020100010010010
1917,(2, 4, 1, 0, 5, 3),3,20012221211111212
1918,(2, 4, 1, 0, 5, 3),4,12102200122221102
1919,(2, 4, 1, 0, 5, 3),5,22221221012220221
1920,(2, 4, 1, 3, 0, 5),0,02110221012111220
1921,(2, 4, 1, 3, 0, 5),1,22111221122222212
1922,(2, 4, 1, 3, 0, 5),2,20000211221111200
1923,(2, 4, 1, 3, 0, 5),3,21020122222121220
1924,(2, 4, 1, 3, 0, 5),4,02201212112020020
1925,(2, 4, 1, 3, 0, 5),5,21021222222220221
1926,(2, 4, 1, 3, 5, 0),0,02200110022111000
1927,(2, 4, 1, 3, 5, 0),1,22012221202222220
1928,(2, 4, 1, 3, 5, 0),2,20102021220202101
1929,(2, 4, 1, 3, 5, 0),3,21021121222022120
1930,(2, 4, 1, 3, 5, 0),4,01102121221010010
1931,(2, 4, 1, 3, 5, 0),5,21122220222120020
1932,(2, 4, 1, 5, 0, 3),0,01221120212010210
1933,(2, 4, 1, 5, 0, 3),1,22122212202020020
1934,(2, 4, 1, 5, 0, 3),2,21222212210102001
1935,(2, 4, 1, 5, 0, 3),3,20121220212220211
1936,(2, 4, 1, 5, 0, 3),4,10101202120102101
1937,(2, 4, 1, 5, 0, 3),5,22212212212212002
1938,(2, 4, 1, 5, 3, 0),0,00020110121020120
1939,(2, 4, 1, 5, 3, 0),1,22222010221001001
1940,(2, 4, 1, 5, 3, 0),2,22201212021222201
1941,(2, 4, 1, 5, 3, 0),3,20120212212020120
1942,(2, 4, 1, 5, 3, 0),4,20202101210201202
1943,(2, 4, 1, 5, 3, 0),5,22202012201001122
1944,(2, 4, 3, 0, 1, 5),0,01100220011222000
1945,(2, 4, 3, 0, 1, 5),1,22011212122222011
1946,(2, 4, 3, 0, 1, 5),2,00012200220110001
1947,(2, 4, 3, 0, 1, 5),3,20220221002122222
1948,(2, 4, 3, 0, 1, 5),4,20202211020101020
1949,(2, 4, 3, 0, 1, 5),5,21220121102221021
1950,(2, 4, 3, 0, 5, 1),0,02110221012111220
1951,(2, 4, 3, 0, 5, 1),1,22111221122222212
1952,(2, 4, 3, 0, 5, 1),2,02212110220102121
1953,(2, 4, 3, 0, 5, 1),3,21021222222220221
1954,(2, 4, 3, 0, 5, 1),4,10101122010202010
1955,(2, 4, 3, 0, 5, 1),5,21020122222121220
1956,(2, 4, 3, 1, 0, 5),0,01100220011222000
1957,(2, 4, 3, 1, 0, 5),1,22011212122222011
1958,(2, 4, 3, 1, 0, 5),2,10000122112222100
1959,(2, 4, 3, 1, 0, 5),3,21220121102221021
1960,(2, 4, 3, 1, 0, 5),4,01101102002010222
1961,(2, 4, 3, 1, 0, 5),5,20220221002122222
1962,(2, 4, 3, 1, 5, 0),0,01220112021222110
1963,(2, 4, 3, 1, 5, 0),1,22120212002222212
1964,(2, 4, 3, 1, 5, 0),2,10201012110101202
1965,(2, 4, 3, 1, 5, 0),3,21121121112020020
1966,(2, 4, 3, 1, 5, 0),4,02202201001020111
1967,(2, 4, 3, 1, 5, 0),5,20222121002122121
1968,(2, 4, 3, 5, 0, 1),0,02121201012211200
1969,(2, 4, 3, 5, 0, 1),1,22211202222021220
1970,(2, 4, 3, 5, 0, 1),2,00120010221010120
1971,(2, 4, 3, 5, 0, 1),3,21222122012221222
1972,(2, 4, 3, 5, 0, 1),4,10211010202120002
1973,(2, 4, 3, 5, 0, 1),5,20121120122020121
1974,(2, 4, 3, 5, 1, 0),0,01220201111011210
1975,(2, 4, 3, 5, 1, 0),1,22220220222121222
1976,(2, 4, 3, 5, 1, 0),2,00201022111120201
1977,(2, 4, 3, 5, 1, 0),3,21121221222120220
1978,(2, 4, 3, 5, 1, 0),4,20122020101210001
1979,(2, 4, 3, 5, 1, 0),5,21201000102102121
1980,(2, 4, 5, 0, 1, 3),0,00210120212010210
1981,(2, 4, 5, 0, 1, 3),1,22221221221020021
1982,(2, 4, 5, 0, 1, 3),2,02101202120102101
1983,(2, 4, 5, 0, 1, 3),3,21220212212212212
1984,(2, 4, 5, 0, 1, 3),4,00221111120102110
1985,(2, 4, 5, 0, 1, 3),5,00122201020201002
1986,(2, 4, 5, 0, 3, 1),0,00210120212010210
1987,(2, 4, 5, 0, 3, 1),1,22221220122021211
1988,(2, 4, 5, 0, 3, 1),2,02101202120102101
1989,(2, 4, 5, 0, 3, 1),3,20020200020020020
1990,(2, 4, 5, 0, 3, 1),4,00112222210201220
1991,(2, 4, 5, 0, 3, 1),5,00112212220112202
1992,(2, 4, 5, 1, 0, 3),0,00010220212010210
1993,(2, 4, 5, 1, 0, 3),1,22001200122222122
1994,(2, 4, 5, 1, 0, 3),2,12111121120201002
1995,(2, 4, 5, 1, 0, 3),3,20220211222020220
1996,(2, 4, 5, 1, 0, 3),4,11121202120102101
1997,(2, 4, 5, 1, 0, 3),5,22212200200200211
1998,(2, 4, 5, 1, 3, 0),0,02112210121020120
1999,(2, 4, 5, 1, 3, 0),1,22201212122212222
2000,(2, 4, 5, 1, 3, 0),2,11102121012111102
2001,(2, 4, 5, 1, 3, 0),3,20212211022020212
2002,(2, 4, 5, 1, 3, 0),4,22212101210201202
2003,(2, 4, 5, 1, 3, 0),5,22202000212212102
2004,(2, 4, 5, 3, 0, 1),0,02110102222022120
2005,(2, 4, 5, 3, 0, 1),1,22202221222020202
2006,(2, 4, 5, 3, 0, 1),2,00210020112020210
2007,(2, 4, 5, 3, 0, 1),3,21221120102021221
2008,(2, 4, 5, 3, 0, 1),4,10210020200020120
2009,(2, 4, 5, 3, 0, 1),5,20012221211111212
2010,(2, 4, 5, 3, 1, 0),0,01212102021122100
2011,(2, 4, 5, 3, 1, 0),1,22220220221102120
2012,(2, 4, 5, 3, 1, 0),2,00102011222210102
2013,(2, 4, 5, 3, 1, 0),3,21122222122220021
2014,(2, 4, 5, 3, 1, 0),4,20120010100010210
2015,(2, 4, 5, 3, 1, 0),5,21010211210210010
2016,(2, 5, 0, 1, 3, 4),0,02111102210211011
2017,(2, 5, 0, 1, 3, 4),1,22220221022120120
2018,(2, 5, 0, 1, 3, 4),2,11020122000011020
2019,(2, 5, 0, 1, 3, 4),3,21121012021112101
2020,(2, 5, 0, 1, 3, 4),4,20202211100200110
2021,(2, 5, 0, 1, 3, 4),5,20221211022112022
2022,(2, 5, 0, 1, 4, 3),0,02110200020012110
2023,(2, 5, 0, 1, 4, 3),1,22220020112021202
2024,(2, 5, 0, 1, 4, 3),2,11020220010001020
2025,(2, 5, 0, 1, 4, 3),3,21112101221112101
2026,(2, 5, 0, 1, 4, 3),4,10101122200100220
2027,(2, 5, 0, 1, 4, 3),5,21120221121102221
2028,(2, 5, 0, 3, 1, 4),0,01221212101222110
2029,(2, 5, 0, 3, 1, 4),1,22010221222122010
2030,(2, 5, 0, 3, 1, 4),2,00102022200122120
2031,(2, 5, 0, 3, 1, 4),3,20221021012021020
2032,(2, 5, 0, 3, 1, 4),4,21221021211100022
2033,(2, 5, 0, 3, 1, 4),5,20202212220220222
2034,(2, 5, 0, 3, 4, 1),0,01100102111201100
2035,(2, 5, 0, 3, 4, 1),1,22022122022122022
2036,(2, 5, 0, 3, 4, 1),2,00220022102212121
2037,(2, 5, 0, 3, 4, 1),3,20021020012020021
2038,(2, 5, 0, 3, 4, 1),4,12112012122200011
2039,(2, 5, 0, 3, 4, 1),5,21022022221202212
2040,(2, 5, 0, 4, 1, 3),0,00120210121020120
2041,(2, 5, 0, 4, 1, 3),1,22220201220100112
2042,(2, 5, 0, 4, 1, 3),2,01202101210201202
2043,(2, 5, 0, 4, 1, 3),3,21001200122201001
2044,(2, 5, 0, 4, 1, 3),4,00201102110121120
2045,(2, 5, 0, 4, 1, 3),5,00202122120201202
2046,(2, 5, 0, 4, 3, 1),0,00120210121020120
2047,(2, 5, 0, 4, 3, 1),1,22220200021221210
2048,(2, 5, 0, 4, 3, 1),2,01202101210201202
2049,(2, 5, 0, 4, 3, 1),3,20020200020020020
2050,(2, 5, 0, 4, 3, 1),4,00102201220212210
2051,(2, 5, 0, 4, 3, 1),5,00201202100202122
2052,(2, 5, 1, 0, 3, 4),0,00210120122002110
2053,(2, 5, 1, 0, 3, 4),1,22220202222021102
2054,(2, 5, 1, 0, 3, 4),2,22010211000022010
2055,(2, 5, 1, 0, 3, 4),3,22121112022111201
2056,(2, 5, 1, 0, 3, 4),4,21112210101200222
2057,(2, 5, 1, 0, 3, 4),5,22020222020202202
2058,(2, 5, 1, 0, 4, 3),0,00110121211110210
2059,(2, 5, 1, 0, 4, 3),1,22220122020202120
2060,(2, 5, 1, 0, 4, 3),2,22010110020002010
2061,(2, 5, 1, 0, 4, 3),3,22111222111222111
2062,(2, 5, 1, 0, 4, 3),4,12221120202100111
2063,(2, 5, 1, 0, 4, 3),5,22021212110212102
2064,(2, 5, 1, 3, 0, 4),0,00211210011011002
2065,(2, 5, 1, 3, 0, 4),1,22012201122222212
2066,(2, 5, 1, 3, 0, 4),2,22202210021022202
2067,(2, 5, 1, 3, 0, 4),3,22221121102220022
2068,(2, 5, 1, 3, 0, 4),4,02020201211101221
2069,(2, 5, 1, 3, 0, 4),5,22202022220211211
2070,(2, 5, 1, 3, 4, 0),0,00222121011011011
2071,(2, 5, 1, 3, 4, 0),1,22012221212222120
2072,(2, 5, 1, 3, 4, 0),2,22202211221201020
2073,(2, 5, 1, 3, 4, 0),3,22221020012221122
2074,(2, 5, 1, 3, 4, 0),4,01010102122202112
2075,(2, 5, 1, 3, 4, 0),5,22202112221021210
2076,(2, 5, 1, 4, 0, 3),0,00111210011010111
2077,(2, 5, 1, 4, 0, 3),1,22222222102220022
2078,(2, 5, 1, 4, 0, 3),2,20112202000212222
2079,(2, 5, 1, 4, 0, 3),3,22000011001122122
2080,(2, 5, 1, 4, 0, 3),4,11101021102001101
2081,(2, 5, 1, 4, 0, 3),5,22012212222112212
2082,(2, 5, 1, 4, 3, 0),0,00020111111010020
2083,(2, 5, 1, 4, 3, 0),1,22222000012122222
2084,(2, 5, 1, 4, 3, 0),2,22221200220202221
2085,(2, 5, 1, 4, 3, 0),3,22122022122200222
2086,(2, 5, 1, 4, 3, 0),4,22202012201002202
2087,(2, 5, 1, 4, 3, 0),5,20221220222222222
2088,(2, 5, 3, 0, 1, 4),0,01102000212010210
2089,(2, 5, 3, 0, 1, 4),1,22112220122022011
2090,(2, 5, 3, 0, 1, 4),2,00201011100211210
2091,(2, 5, 3, 0, 1, 4),3,20221222022220221
2092,(2, 5, 3, 0, 1, 4),4,21110120011211202
2093,(2, 5, 3, 0, 1, 4),5,20202102102102111
2094,(2, 5, 3, 0, 4, 1),0,01002211101201002
2095,(2, 5, 3, 0, 4, 1),1,22120122120122120
2096,(2, 5, 3, 0, 4, 1),2,00110011201121212
2097,(2, 5, 3, 0, 4, 1),3,20021222022120121
2098,(2, 5, 3, 0, 4, 1),4,12220210022122101
2099,(2, 5, 3, 0, 4, 1),5,21021110202020210
2100,(2, 5, 3, 1, 0, 4),0,02222102011210202
2101,(2, 5, 3, 1, 0, 4),1,22112220112222101
2102,(2, 5, 3, 1, 0, 4),2,11101120012011101
2103,(2, 5, 3, 1, 0, 4),3,20020120012021220
2104,(2, 5, 3, 1, 0, 4),4,01120221000012011
2105,(2, 5, 3, 1, 0, 4),5,22221211121110212
2106,(2, 5, 3, 1, 4, 0),0,02202202202202202
2107,(2, 5, 3, 1, 4, 0),1,22121220112222121
2108,(2, 5, 3, 1, 4, 0),2,11101122112102010
2109,(2, 5, 3, 1, 4, 0),3,20021021222021220
2110,(2, 5, 3, 1, 4, 0),4,02210112000021022
2111,(2, 5, 3, 1, 4, 0),5,22220221022102112
2112,(2, 5, 3, 4, 0, 1),0,01000201000100220
2113,(2, 5, 3, 4, 0, 1),1,22220220202121020
2114,(2, 5, 3, 4, 0, 1),2,01001111000021001
2115,(2, 5, 3, 4, 0, 1),3,20021122022222222
2116,(2, 5, 3, 4, 0, 1),4,12001000201201102
2117,(2, 5, 3, 4, 0, 1),5,20111020121120111
2118,(2, 5, 3, 4, 1, 0),0,01220112001222000
2119,(2, 5, 3, 4, 1, 0),1,22220110022021220
2120,(2, 5, 3, 4, 1, 0),2,00120000111120120
2121,(2, 5, 3, 4, 1, 0),3,21121222212222021
2122,(2, 5, 3, 4, 1, 0),4,21002000102102201
2123,(2, 5, 3, 4, 1, 0),5,20121002200200202
2124,(2, 5, 4, 0, 1, 3),0,00210120212010210
2125,(2, 5, 4, 0, 1, 3),1,22221220020020021
2126,(2, 5, 4, 0, 1, 3),2,02101202120102101
2127,(2, 5, 4, 0, 1, 3),3,21212120221222220
2128,(2, 5, 4, 0, 1, 3),4,00111121120201002
2129,(2, 5, 4, 0, 1, 3),5,00110122122122121
2130,(2, 5, 4, 0, 3, 1),0,00210120212010210
2131,(2, 5, 4, 0, 3, 1),1,22221221221221200
2132,(2, 5, 4, 0, 3, 1),2,02101202120102101
2133,(2, 5, 4, 0, 3, 1),3,20020200020020020
2134,(2, 5, 4, 0, 3, 1),4,00222212210102001
2135,(2, 5, 4, 0, 3, 1),5,00122121200201212
2136,(2, 5, 4, 1, 0, 3),0,02111100020012111
2137,(2, 5, 4, 1, 0, 3),1,22222121201222000
2138,(2, 5, 4, 1, 0, 3),2,10221101000121111
2139,(2, 5, 4, 1, 0, 3),3,22000012221120121
2140,(2, 5, 4, 1, 0, 3),4,12121101000121111
2141,(2, 5, 4, 1, 0, 3),5,22221212012220000
2142,(2, 5, 4, 1, 3, 0),0,02112011010200110
