2142,(2, 5, 4, 1, 3, 0),0,02112011010200110
2143,(2, 5, 4, 1, 3, 0),1,22201221222211221
2144,(2, 5, 4, 1, 3, 0),2,11112100110101112
2145,(2, 5, 4, 1, 3, 0),3,22122222102220022
2146,(2, 5, 4, 1, 3, 0),4,21212202000212222
2147,(2, 5, 4, 1, 3, 0),5,22220110011221220
2148,(2, 5, 4, 3, 0, 1),0,01101001202112222
2149,(2, 5, 4, 3, 0, 1),1,22202221222120212
2142,(2, 5, 4, 1, 3, 0),0,02112011010200110
2143,(2, 5, 4, 1, 3, 0),1,22201221222211221
2144,(2, 5, 4, 1, 3, 0),2,11112100110101112
2145,(2, 5, 4, 1, 3, 0),3,22122222102220022
2146,(2, 5, 4, 1, 3, 0),4,21212202000212222
2147,(2, 5, 4, 1, 3, 0),5,22220110011221220
2148,(2, 5, 4, 3, 0, 1),0,01101001202112222
2149,(2, 5, 4, 3, 0, 1),1,22202221222120212
2150,(2, 5, 4, 3, 0, 1),2,02002222000012002
2151,(2, 5, 4, 3, 0, 1),3,20021121212122122
2152,(2, 5, 4, 3, 0, 1),4,12020110010120020
2153,(2, 5, 4, 3, 0, 1),5,20201200120212121
2154,(2, 5, 4, 3, 1, 0),0,01212210120000012
2155,(2, 5, 4, 3, 1, 0),1,22200021220220200
2156,(2, 5, 4, 3, 1, 0),2,00210000222210210
2157,(2, 5, 4, 3, 1, 0),3,21122020212221222
2158,(2, 5, 4, 3, 1, 0),4,21010220020210010
2159,(2, 5, 4, 3, 1, 0),5,20122202122122122
2160,(3, 0, 1, 2, 4, 5),0,01211112010020022
2161,(3, 0, 1, 2, 4, 5),1,22021202121120210
2162,(3, 0, 1, 2, 4, 5),2,21211112010020022
2163,(3, 0, 1, 2, 4, 5),3,20212021211202102
2164,(3, 0, 1, 2, 4, 5),4,02120112100002120
2165,(3, 0, 1, 2, 4, 5),5,22022022022022022
2166,(3, 0, 1, 2, 5, 4),0,01211112010020022
2167,(3, 0, 1, 2, 5, 4),1,22021202121120210
2168,(3, 0, 1, 2, 5, 4),2,21211112010020022
2169,(3, 0, 1, 2, 5, 4),3,20212021211202102
2170,(3, 0, 1, 2, 5, 4),4,01210221200001210
2171,(3, 0, 1, 2, 5, 4),5,22120221022022120
2172,(3, 0, 1, 4, 2, 5),0,01222020010210022
2173,(3, 0, 1, 4, 2, 5),1,22022202022111120
2174,(3, 0, 1, 4, 2, 5),2,22112121202111220
2175,(3, 0, 1, 4, 2, 5),3,20012200220220012
2176,(3, 0, 1, 4, 2, 5),4,22101202122100102
2177,(3, 0, 1, 4, 2, 5),5,22222021012221120
2178,(3, 0, 1, 4, 5, 2),0,01101202120102101
2179,(3, 0, 1, 4, 5, 2),1,22021111212111120
2180,(3, 0, 1, 4, 5, 2),2,22201000121020120
2181,(3, 0, 1, 4, 5, 2),3,21012010221201012
2182,(3, 0, 1, 4, 5, 2),4,11202101211200201
2183,(3, 0, 1, 4, 5, 2),5,20121220022020020
2184,(3, 0, 1, 5, 2, 4),0,01221202120102101
2185,(3, 0, 1, 5, 2, 4),1,22121102120210220
2186,(3, 0, 1, 5, 2, 4),2,20012110100021011
2187,(3, 0, 1, 5, 2, 4),3,20112001211220112
2188,(3, 0, 1, 5, 2, 4),4,22101202120102101
2189,(3, 0, 1, 5, 2, 4),5,21020202202222202
2190,(3, 0, 1, 5, 4, 2),0,01201202120102101
2191,(3, 0, 1, 5, 4, 2),1,22121102022120211
2192,(3, 0, 1, 5, 4, 2),2,20021022121022121
2193,(3, 0, 1, 5, 4, 2),3,20112112212220112
2194,(3, 0, 1, 5, 4, 2),4,11202101210201202
2195,(3, 0, 1, 5, 4, 2),5,20202102202222210
2196,(3, 0, 2, 1, 4, 5),0,01122020011210021
2197,(3, 0, 2, 1, 4, 5),1,22022022022022022
2198,(3, 0, 2, 1, 4, 5),2,12122221020010011
2199,(3, 0, 2, 1, 4, 5),3,21112020221202022
2200,(3, 0, 2, 1, 4, 5),4,02120112100002120
2201,(3, 0, 2, 1, 4, 5),5,22022022022022022
2202,(3, 0, 2, 1, 5, 4),0,01122020011210021
2203,(3, 0, 2, 1, 5, 4),1,22022022022022022
2204,(3, 0, 2, 1, 5, 4),2,12122221020010011
2205,(3, 0, 2, 1, 5, 4),3,21112020221202022
2206,(3, 0, 2, 1, 5, 4),4,01210221200001210
2207,(3, 0, 2, 1, 5, 4),5,22120221022022120
2208,(3, 0, 2, 4, 1, 5),0,01011120200021000
2209,(3, 0, 2, 4, 1, 5),1,22022112022020221
2210,(3, 0, 2, 4, 1, 5),2,02221120221002012
2211,(3, 0, 2, 4, 1, 5),3,22202222102202211
2212,(3, 0, 2, 4, 1, 5),4,20002102102102102
2213,(3, 0, 2, 4, 1, 5),5,21220120212122022
2214,(3, 0, 2, 4, 5, 1),0,01011120200021000
2215,(3, 0, 2, 4, 5, 1),1,22022112022020221
2216,(3, 0, 2, 4, 5, 1),2,00221101210201202
2217,(3, 0, 2, 4, 5, 1),3,22202222102202211
2218,(3, 0, 2, 4, 5, 1),4,10001201201201201
2219,(3, 0, 2, 4, 5, 1),5,21220120212122022
2220,(3, 0, 2, 5, 1, 4),0,01000221200001011
2221,(3, 0, 2, 5, 1, 4),1,22020212022021202
2222,(3, 0, 2, 5, 1, 4),2,02210110111002111
2223,(3, 0, 2, 5, 1, 4),3,22211120202112022
2224,(3, 0, 2, 5, 1, 4),4,21120001001222021
2225,(3, 0, 2, 5, 1, 4),5,20220220220220220
2226,(3, 0, 2, 5, 4, 1),0,01022221111121120
2227,(3, 0, 2, 5, 4, 1),1,22021202121102211
2228,(3, 0, 2, 5, 4, 1),2,02122211022002210
2229,(3, 0, 2, 5, 4, 1),3,22021120221112022
2230,(3, 0, 2, 5, 4, 1),4,12210002002111012
2231,(3, 0, 2, 5, 4, 1),5,21202210221202210
2232,(3, 0, 4, 1, 2, 5),0,01110111102020020
2233,(3, 0, 4, 1, 2, 5),1,22020221222022022
2234,(3, 0, 4, 1, 2, 5),2,11221212101222110
2235,(3, 0, 4, 1, 2, 5),3,21202000200200012
2236,(3, 0, 4, 1, 2, 5),4,10102022200122120
2237,(3, 0, 4, 1, 2, 5),5,21220020212120122
2238,(3, 0, 4, 1, 5, 2),0,01202102120102101
2239,(3, 0, 4, 1, 5, 2),1,22020210210210211
2240,(3, 0, 4, 1, 5, 2),2,11102000212010210
2241,(3, 0, 4, 1, 5, 2),3,20112012210210002
2242,(3, 0, 4, 1, 5, 2),4,20201011100211210
2243,(3, 0, 4, 1, 5, 2),5,22021021222220221
2244,(3, 0, 4, 2, 1, 5),0,01000122022012022
2245,(3, 0, 4, 2, 1, 5),1,22021211202111120
2246,(3, 0, 4, 2, 1, 5),2,01112210112001021
2247,(3, 0, 4, 2, 1, 5),3,22202222022102202
2248,(3, 0, 4, 2, 1, 5),4,20001000101212011
2249,(3, 0, 4, 2, 1, 5),5,21222121122020122
2250,(3, 0, 4, 2, 5, 1),0,01000122022012022
2251,(3, 0, 4, 2, 5, 1),1,22021211202111120
2252,(3, 0, 4, 2, 5, 1),2,00112202120102101
2253,(3, 0, 4, 2, 5, 1),3,22202222022102202
2254,(3, 0, 4, 2, 5, 1),4,10002000202121022
2255,(3, 0, 4, 2, 5, 1),5,21222121122020122
2256,(3, 0, 4, 5, 1, 2),0,01110222120102101
2257,(3, 0, 4, 5, 1, 2),1,22022121112021112
2258,(3, 0, 4, 5, 1, 2),2,00000200000100000
2259,(3, 0, 4, 5, 1, 2),3,20012200112020012
2260,(3, 0, 4, 5, 1, 2),4,20212000201120211
2261,(3, 0, 4, 5, 1, 2),5,21112022210202022
2262,(3, 0, 4, 5, 2, 1),0,01201021210111201
2263,(3, 0, 4, 5, 2, 1),1,22021202202202022
2264,(3, 0, 4, 5, 2, 1),2,02100011102201102
2265,(3, 0, 4, 5, 2, 1),3,21201012021112101
2266,(3, 0, 4, 5, 2, 1),4,10121000102210122
2267,(3, 0, 4, 5, 2, 1),5,22021210221202212
2268,(3, 0, 5, 1, 2, 4),0,01221202120102101
2269,(3, 0, 5, 1, 2, 4),1,22121102120210220
2270,(3, 0, 5, 1, 2, 4),2,10021220200012022
2271,(3, 0, 5, 1, 2, 4),3,20112001211220112
2272,(3, 0, 5, 1, 2, 4),4,12101202120102101
2273,(3, 0, 5, 1, 2, 4),5,21020202202222202
2274,(3, 0, 5, 1, 4, 2),0,01201202120102101
2275,(3, 0, 5, 1, 4, 2),1,22121102022120211
2276,(3, 0, 5, 1, 4, 2),2,10012011212011212
2277,(3, 0, 5, 1, 4, 2),3,20112112212220112
2278,(3, 0, 5, 1, 4, 2),4,21202101210201202
2279,(3, 0, 5, 1, 4, 2),5,20202102202222210
2280,(3, 0, 5, 2, 1, 4),0,01011101000020210
2281,(3, 0, 5, 2, 1, 4),1,22022102210202210
2282,(3, 0, 5, 2, 1, 4),2,01120220222001222
2283,(3, 0, 5, 2, 1, 4),3,22210221021102212
2284,(3, 0, 5, 2, 1, 4),4,21120220222001222
2285,(3, 0, 5, 2, 1, 4),5,20221022102022102
2286,(3, 0, 5, 2, 4, 1),0,01022022000020210
2287,(3, 0, 5, 2, 4, 1),1,22022022022022022
2288,(3, 0, 5, 2, 4, 1),2,01211122011001120
2289,(3, 0, 5, 2, 4, 1),3,22111022211022120
2290,(3, 0, 5, 2, 4, 1),4,12210110111002111
2291,(3, 0, 5, 2, 4, 1),5,21202022020202202
2292,(3, 0, 5, 4, 1, 2),0,01111202120102101
2293,(3, 0, 5, 4, 1, 2),1,22021110222122021
2294,(3, 0, 5, 4, 1, 2),2,00000100000200000
2295,(3, 0, 5, 4, 1, 2),3,20010220100022010
2296,(3, 0, 5, 4, 1, 2),4,21202101212202222
2297,(3, 0, 5, 4, 1, 2),5,20122021202021210
2298,(3, 0, 5, 4, 2, 1),0,01221012200021000
2299,(3, 0, 5, 4, 2, 1),1,22022022022111121
2300,(3, 0, 5, 4, 2, 1),2,01200022201102201
2301,(3, 0, 5, 4, 2, 1),3,21101112022111201
2302,(3, 0, 5, 4, 2, 1),4,12101202121101111
2303,(3, 0, 5, 4, 2, 1),5,22121112012102102
2304,(3, 1, 0, 2, 4, 5),0,00221202220210221
2305,(3, 1, 0, 2, 4, 5),1,21022121012121022
2306,(3, 1, 0, 2, 4, 5),2,02011120001122011
2307,(3, 1, 0, 2, 4, 5),3,22102202122220212
2308,(3, 1, 0, 2, 4, 5),4,02120112100002120
2309,(3, 1, 0, 2, 4, 5),5,22022022022022022
2310,(3, 1, 0, 2, 5, 4),0,00221202220210221
2311,(3, 1, 0, 2, 5, 4),1,21022121012121022
2312,(3, 1, 0, 2, 5, 4),2,02011120001122011
2313,(3, 1, 0, 2, 5, 4),3,22102202122220212
2314,(3, 1, 0, 2, 5, 4),4,01210221200001210
2315,(3, 1, 0, 2, 5, 4),5,22120221022022120
2316,(3, 1, 0, 4, 2, 5),0,00210021122111120
2317,(3, 1, 0, 4, 2, 5),1,21020122222121220
2318,(3, 1, 0, 4, 2, 5),2,00002201012111220
2319,(3, 1, 0, 4, 2, 5),3,22212201122221212
2320,(3, 1, 0, 4, 2, 5),4,00020100112020020
2321,(3, 1, 0, 4, 2, 5),5,22221020022120022
2322,(3, 1, 0, 4, 5, 2),0,00221111222020210
2323,(3, 1, 0, 4, 5, 2),1,21022221222022120
2324,(3, 1, 0, 4, 5, 2),2,00101221102020101
2325,(3, 1, 0, 4, 5, 2),3,22202000122220002
2326,(3, 1, 0, 4, 5, 2),4,00010200221010010
2327,(3, 1, 0, 4, 5, 2),5,22121022102021122
2328,(3, 1, 0, 5, 2, 4),0,00110221002102220
2329,(3, 1, 0, 5, 2, 4),1,21120120012221120
2330,(3, 1, 0, 5, 2, 4),2,01002221122121002
2331,(3, 1, 0, 5, 2, 4),3,20102211222222122
2332,(3, 1, 0, 5, 2, 4),4,00001110020021022
2333,(3, 1, 0, 5, 2, 4),5,22202022220211211
2334,(3, 1, 0, 5, 4, 2),0,00110221122120102
2335,(3, 1, 0, 5, 4, 2),1,21120120012122222
2336,(3, 1, 0, 5, 4, 2),2,01011011011011011
2337,(3, 1, 0, 5, 4, 2),3,20102212122221202
2338,(3, 1, 0, 5, 4, 2),4,00002220010012011
2339,(3, 1, 0, 5, 4, 2),5,22202112221021210
2340,(3, 1, 2, 0, 4, 5),0,00210210210210210
2341,(3, 1, 2, 0, 4, 5),1,21022122012021222
2342,(3, 1, 2, 0, 4, 5),2,01022210002211022
2343,(3, 1, 2, 0, 4, 5),3,22022020222220202
2344,(3, 1, 2, 0, 4, 5),4,02120112100002120
2345,(3, 1, 2, 0, 4, 5),5,22022022022022022
2346,(3, 1, 2, 0, 5, 4),0,00210210210210210
2347,(3, 1, 2, 0, 5, 4),1,21022122012021222
2348,(3, 1, 2, 0, 5, 4),2,01022210002211022
2349,(3, 1, 2, 0, 5, 4),3,22022020222220202
2350,(3, 1, 2, 0, 5, 4),4,01210221200001210
2351,(3, 1, 2, 0, 5, 4),5,22120221022022120
2352,(3, 1, 2, 4, 0, 5),0,00200021000202000
2353,(3, 1, 2, 4, 0, 5),1,21021121122121220
2354,(3, 1, 2, 4, 0, 5),2,01100220222010122
2355,(3, 1, 2, 4, 0, 5),3,22222202210210222
2356,(3, 1, 2, 4, 0, 5),4,01011011011011011
2357,(3, 1, 2, 4, 0, 5),5,22020221022120220
2358,(3, 1, 2, 4, 5, 0),0,00200021000202000
2359,(3, 1, 2, 4, 5, 0),1,21021121122121220
2360,(3, 1, 2, 4, 5, 0),2,01000211001201202
2361,(3, 1, 2, 4, 5, 0),3,22222202210210222
2362,(3, 1, 2, 4, 5, 0),4,02022022022022022
2363,(3, 1, 2, 4, 5, 0),5,22020221022120220
2364,(3, 1, 2, 5, 0, 4),0,00220100000221200
2365,(3, 1, 2, 5, 0, 4),1,21022122012022021
2366,(3, 1, 2, 5, 0, 4),2,02012211011021011
2367,(3, 1, 2, 5, 0, 4),3,22112102202102211
2368,(3, 1, 2, 5, 0, 4),4,02022100001222102
2369,(3, 1, 2, 5, 0, 4),5,22212102212102212
2370,(3, 1, 2, 5, 4, 0),0,00221202220221202
2371,(3, 1, 2, 5, 4, 0),1,21022122012021122
2372,(3, 1, 2, 5, 4, 0),2,02011202221122100
2373,(3, 1, 2, 5, 4, 0),3,22120221202102212
2374,(3, 1, 2, 5, 4, 0),4,01011200002111201
2375,(3, 1, 2, 5, 4, 0),5,22202202202202202
2376,(3, 1, 4, 0, 2, 5),0,00202121211000210
2377,(3, 1, 4, 0, 2, 5),1,21020121012221121
2378,(3, 1, 4, 0, 2, 5),2,00001102021222110
2379,(3, 1, 4, 0, 2, 5),3,22122120022222122
2380,(3, 1, 4, 0, 2, 5),4,02202011110220002
2381,(3, 1, 4, 0, 2, 5),5,22220221122020222
2382,(3, 1, 4, 0, 5, 2),0,00202010221102211
2383,(3, 1, 4, 0, 5, 2),1,21020120012221021
2384,(3, 1, 4, 0, 5, 2),2,00202112201010202
2385,(3, 1, 4, 0, 5, 2),3,22012221222220112
2386,(3, 1, 4, 0, 5, 2),4,01101022220110001
2387,(3, 1, 4, 0, 5, 2),5,22021021202122222
2388,(3, 1, 4, 2, 0, 5),0,00201102101020210
2389,(3, 1, 4, 2, 0, 5),1,21022120212021021
2390,(3, 1, 4, 2, 0, 5),2,02200110111020211
2391,(3, 1, 4, 2, 0, 5),3,22222212020202212
2392,(3, 1, 4, 2, 0, 5),4,01022120200011022
2393,(3, 1, 4, 2, 0, 5),5,22020221222122220
2394,(3, 1, 4, 2, 5, 0),0,00201102101020210
2395,(3, 1, 4, 2, 5, 0),1,21022120212021021
2396,(3, 1, 4, 2, 5, 0),2,02000122002102101
2397,(3, 1, 4, 2, 5, 0),3,22222212020202212
2398,(3, 1, 4, 2, 5, 0),4,02011210100022011
2399,(3, 1, 4, 2, 5, 0),5,22020221222122220
2400,(3, 1, 4, 5, 0, 2),0,00200002011202021
2401,(3, 1, 4, 5, 0, 2),1,21020222222020122
2402,(3, 1, 4, 5, 0, 2),2,01002200000012021
2403,(3, 1, 4, 5, 0, 2),3,22012221211111212
2404,(3, 1, 4, 5, 0, 2),4,01101022220221201
2405,(3, 1, 4, 5, 0, 2),5,22022212220202022
2406,(3, 1, 4, 5, 2, 0),0,00201122022201222
2407,(3, 1, 4, 5, 2, 0),1,21020022202022222
2408,(3, 1, 4, 5, 2, 0),2,01202021102100001
2409,(3, 1, 4, 5, 2, 0),3,22121000102102121
2410,(3, 1, 4, 5, 2, 0),4,02202011110112102
2411,(3, 1, 4, 5, 2, 0),5,22202202221212220
2412,(3, 1, 5, 0, 2, 4),0,00110221002102220
2413,(3, 1, 5, 0, 2, 4),1,21120120012221120
2414,(3, 1, 5, 0, 2, 4),2,02001112211212001
2415,(3, 1, 5, 0, 2, 4),3,20102211222222122
2416,(3, 1, 5, 0, 2, 4),4,01012011002212220
2417,(3, 1, 5, 0, 2, 4),5,22202022220211211
2418,(3, 1, 5, 0, 4, 2),0,00110221122120102
2419,(3, 1, 5, 0, 4, 2),1,21120120012122222
2420,(3, 1, 5, 0, 4, 2),2,02022022022022022
2421,(3, 1, 5, 0, 4, 2),3,20102212122221202
2422,(3, 1, 5, 0, 4, 2),4,02021022001121110
2423,(3, 1, 5, 0, 4, 2),5,22202112221021210
2424,(3, 1, 5, 2, 0, 4),0,00210100010121201
2425,(3, 1, 5, 2, 0, 4),1,21020221122020122
2426,(3, 1, 5, 2, 0, 4),2,01021122022012022
2427,(3, 1, 5, 2, 0, 4),3,22022022102020221
2428,(3, 1, 5, 2, 0, 4),4,02011112212111101
2429,(3, 1, 5, 2, 0, 4),5,22202120202212110
2430,(3, 1, 5, 2, 4, 0),0,00210210210210210
2431,(3, 1, 5, 2, 4, 0),1,21020221112022022
2432,(3, 1, 5, 2, 4, 0),2,01022101112211200
2433,(3, 1, 5, 2, 4, 0),3,22022022211111202
2434,(3, 1, 5, 2, 4, 0),4,01022221121222202
2435,(3, 1, 5, 2, 4, 0),5,22211120212022020
2436,(3, 1, 5, 4, 0, 2),0,00221110022221010
2437,(3, 1, 5, 4, 0, 2),1,21021120212121122
2438,(3, 1, 5, 4, 0, 2),2,02001100000021012
2439,(3, 1, 5, 4, 0, 2),3,22210211210210010
2440,(3, 1, 5, 4, 0, 2),4,02121020211221002
2441,(3, 1, 5, 4, 0, 2),5,22202202211021202
2442,(3, 1, 5, 4, 2, 0),0,00212011002111122
2443,(3, 1, 5, 4, 2, 0),1,21020221112021222
2444,(3, 1, 5, 4, 2, 0),2,02101012201200002
2445,(3, 1, 5, 4, 2, 0),3,22201120122020121
2446,(3, 1, 5, 4, 2, 0),4,01212010122112001
2447,(3, 1, 5, 4, 2, 0),5,22112022220212202
2448,(3, 2, 0, 1, 4, 5),0,01001010101002202
2449,(3, 2, 0, 1, 4, 5),1,22011102012222011
2450,(3, 2, 0, 1, 4, 5),2,10221000200220002
2451,(3, 2, 0, 1, 4, 5),3,22020111011222020
2452,(3, 2, 0, 1, 4, 5),4,02120112100002120
2453,(3, 2, 0, 1, 4, 5),5,22022022022022022
2454,(3, 2, 0, 1, 5, 4),0,01001010101002202
2455,(3, 2, 0, 1, 5, 4),1,22011102012222011
2456,(3, 2, 0, 1, 5, 4),2,10221000200220002
2457,(3, 2, 0, 1, 5, 4),3,22020111011222020
2458,(3, 2, 0, 1, 5, 4),4,01210221200001210
2459,(3, 2, 0, 1, 5, 4),5,22120221022022120
2460,(3, 2, 0, 4, 1, 5),0,02200000102102200
2461,(3, 2, 0, 4, 1, 5),1,22012112012202012
2462,(3, 2, 0, 4, 1, 5),2,02001010122112001
2463,(3, 2, 0, 4, 1, 5),3,21222022220212202
2464,(3, 2, 0, 4, 1, 5),4,20020110021111220
2465,(3, 2, 0, 4, 1, 5),5,21020221112021222
2466,(3, 2, 0, 4, 5, 1),0,02000022202102101
2467,(3, 2, 0, 4, 5, 1),1,22001222121111121
2468,(3, 2, 0, 4, 5, 1),2,00011022220221201
2469,(3, 2, 0, 4, 5, 1),3,20202112002122202
2470,(3, 2, 0, 4, 5, 1),4,10010220012222110
2471,(3, 2, 0, 4, 5, 1),5,21221120102021221
2472,(3, 2, 0, 5, 1, 4),0,02201002202100200
2473,(3, 2, 0, 5, 1, 4),1,22212111202211120
2474,(3, 2, 0, 5, 1, 4),2,02101202121101111
2475,(3, 2, 0, 5, 1, 4),3,21221112012102102
2476,(3, 2, 0, 5, 1, 4),4,21000122200021000
2477,(3, 2, 0, 5, 1, 4),5,20220220221111211
2478,(3, 2, 0, 5, 4, 1),0,02200020000200101
2479,(3, 2, 0, 5, 4, 1),1,22211122211122211
2480,(3, 2, 0, 5, 4, 1),2,02201212220002201
2481,(3, 2, 0, 5, 4, 1),3,21212111020120212
2482,(3, 2, 0, 5, 4, 1),4,12000211100012000
2483,(3, 2, 0, 5, 4, 1),5,21210220220210221
2484,(3, 2, 1, 0, 4, 5),0,00011200010011000
2485,(3, 2, 1, 0, 4, 5),1,22122210101002122
2486,(3, 2, 1, 0, 4, 5),2,20112000100110001
2487,(3, 2, 1, 0, 4, 5),3,21222101010021222
2488,(3, 2, 1, 0, 4, 5),4,02120112100002120
2489,(3, 2, 1, 0, 4, 5),5,22022022022022022
2490,(3, 2, 1, 0, 5, 4),0,00011200010011000
2491,(3, 2, 1, 0, 5, 4),1,22122210101002122
2492,(3, 2, 1, 0, 5, 4),2,20112000100110001
2493,(3, 2, 1, 0, 5, 4),3,21222101010021222
2494,(3, 2, 1, 0, 5, 4),4,01210221200001210
2495,(3, 2, 1, 0, 5, 4),5,22120221022022120
2496,(3, 2, 1, 4, 0, 5),0,00200110010020200
2497,(3, 2, 1, 4, 0, 5),1,22100020202000200
2498,(3, 2, 1, 4, 0, 5),2,21102000200000211
2499,(3, 2, 1, 4, 0, 5),3,22212212111212222
2500,(3, 2, 1, 4, 0, 5),4,01120211122120011
